L 180
N 361
D 87
FDEG 160
GDEG 0
F
208832711299471270252863392656037853675535022522253547347570166313898364912720061775499758126324961506577188893743676515975589037303487473000253553907970068944530074454945615480805482540248
356807381331963399355669422762639226113776892660586944989822393180466252892596568964127281510097904588350542239569567528230347929013379927538423918059565035141566454145559811878053595709448
86881276107555744978861078133817262520332249643635162452932058813153333523361161771930130944765346892073466046875675730286051978863520441076919301364761533062218229510343375252742462054504
64133099612000282921851316130967654376186417848575643903926213221290416367814497633531809533361672165081270359122818248293827941561810203756303096995101288895013501585509645521137491793896
12224775902219344960828476877396056564806839050273423638578732990615363536966340675472221159655566491928379735490164056881301407950051215349965258389100983390251426449554422609345534325096
6167543768957100232387378062704102374179494469025024033912846353572929255001836232127613767361840491207805742402295398281833564017270675925003087686974519915986278563977915507507510422568
1058702802155425773269817628426215405741026373384353157818779363547795089221984861553733264145777386134621374509770679000368193823253587328182510781093479669201447424579479959446095179352
421949524118469736053382992004373493354264410188679137070191779313294481456619811251753768995193770307664807754469393253545889405307767238913213878772080033376396783199128578959208524248
68064060398179467873626025411519467739358806207561123989098177169981977982981144265774540534021676043844302559054467408447633345878908467017488431442366384728773731298767528603650340648
22993175647706997954598860295121162738083927034701527136527548779356418892865377044631076785229606909677636467309931989959644048766245187139139373903437082271321681902775401032017206984
3551237561048943604277983862642507129513265105762763506048645064987999223877895559408177498903195132962287369791687384873557944948151439845151544409360356723088591248366415803446858448
1059426712678456534423307357694544001831464846977572440230151241031633861348360629211892886127317793162412762543775273842306755789770775248781120800306332296886867624931375705902295520
158232350957217096077114427275296881161806174442924891466356791120366089788753325382012939040558527168377195969084239028360476348694041492435097877529195610403639985556019117793994264
42805637752398249547637219432026058340385297947338526884107880708668714780948348224458144375063077734697236681924328356599396490951040163115666249027829948110835369550127814730599368
6219572411332769708292346621753551455327170319972439321064432358601707203076424850306703698344051917084758126400410642837362346082975070273063407045156821366656311556065630192614680
1553917453487004262243230321503335504315708374291660870333286967667898454273281727913335145033213689530295964970953689332349577536124317311318843357554599188580233786631216802212784
220503458083536124077251323557224211252682778787358558304096046330141164466087617919421354557878918569935197310315743668962878645146664921401774836284963189136960213289988171035824
51559041404972633925393073868447950852021832066079015905117240714834426547716430008909591032665144759218527899742732234627649021232845216845072977781411479047258257755178742536392
7164695740181388023403162545009977375905915885363281307193022217137377916180934110716197886932793565976725125706890371745387947764911765110705714776299740137652895679358875409240
1583574790035226944216709972769946857314387448140223225447057946732650463900878846198576238965841650555930307837432563768470951909973182684837410556906419607477380159909803367720
215921796815639220106832952576666107821842551527313850639848822170166406294558103001365286674824016324860133783163383248475531456743449247018153564609366094713785893937171988504
45460764951599258082719390679269442288043963371070395141684532289373989634772156052762412804748585500978260392763168266277622790156930818117214541257931479767708091341542932464
6091311422595445404939253679473174166035307819896339111307319863803871214587621860716253859942148945271329707423651466437856149505987490101855796481528048112343395333759194928
1229136512104570086118283571753624147356393316043421206626361704345912596789322773832220738656221506298096339725669783866767052379567291770439983997419085282088995962252880464
162031006916887205892078923738572549837231081800666712004027937946227395871447099985459019576160500892216606466842291283508487458753415429260940218034613014364242210235388304
31490100372896328840297563667046229826602583946540751720880318527003887727984608420596136703036632489158149754129378966795271502230219895017877801125448673127957247142349152
4087906454948632529678254966276982726861084133092048261587349438319263684418911874972629684126252777759128022254042203005716898644049536270906995230929532528270519670300984
768273934468416607352529267198681111552093638010276462937135696013982468552230190387925064416647719604764522170079231036473482269097937595639353472349356113763153700119784
98287978995954625448283207764945149177877873740562260099094688956493177130604266438718284355837604107651228278880252054471252466149779139846167054030055044968572581621176
17923055843068773006796082212195967871147648415211748328234495924270185474865000298239276113353484299354021007421803546975267443452250139769094788710882385183374504739488
2261120319853033300222656519245561231331460860660805483403338874461278923275387530025398600255492545739593350417968850063764039010175063726214151255557913078596714140976
401197640225946874808718571525449237388534295232146097482842215827813307548967549444240486947402655561152233095281369037975841768212447610525670497322045544352339805448
49936836446659369370691997950580462432105961399148227145085969045661844699235480446801882799977636344158374542613019909624815009529876984751047532835159813294293345136
8642159928056702702682479355702948898464937507031206912543464600726215350040855648018814446242468175551392980471562430051127121725574020975700682234540749185539945848
1061750433031179028358686947530535387865498352604570530788461605021013609042853087624223488880587754561867067876541645935421637654920582225942067950583834893958922240
179591887495819106631549715778430744410739768690795678280123713472411562382230339012804710270886075994171782037031230137621816770214942926140965061684268521721774272
21786127259308381593171462154791551509190098885045448192591244275682101910515648624353435903319637663156112866076829731845595520106488422715593642955179111211264688
3608145718372389718005728100356752234344501672356371821855118396431385818294504761619735609751759378780673098371463477159543184340069651595303827965331279889510536
432315036620174032976634194059804028610852189653389198880279642820149147228487708179451829794820134933410019300120399087311483693849933605998424705111374863993784
70213814286843619408183519600818064886713588278108483896882064622226948308722437582133259346195000661199470972776663268226273493980325049257218266757555223767464
8311307690276284667256493548914475620341999270629363112363677243325433693874661848581900180338372050763965680174460241639941620737118360225117559819907919947464
1325582055279693606112882086060015437772914551382222485619842914313887367780914649567816577306773825202502294469481539151975903273371890537781476924107375464488
155050129144210961705789173833862029649498954527922203419680381415305011212662163926120197605747382665855730977244523733023739953400889086652445629965801072304
24313810882989332131653952662591549740888767708112691400765565009055017620038510907625479712520382905031142084432839725218593264873720073041877913820243346544
2810659892636796896978747559944340403536585631115498725703852920937764194927584445577453227083438435504449248174630128418116732489447860239717497883585312792
433814444696026535122377039497590844118261060763556893062412351574298341381952176739217615655532345601231268120264114878069569664897537728868228737038138256
49568362766748830428062110171501990495137810604711811069259434251916669721503900234675609294664308431720125581337597444794457805823103323785425249891033824
7537678029097440434516960004162193492272948105292855758545245101067134811005017847946138317056159466508858589969038149450596743217480401974030436177381296
851382806202518735459969653813829885421291847146920183189729657265058378155974895032186864849698129322866843746729810233243167104214469905630072062382560
127666279721660414743012099552437566546971112540956185992773213035901942890458244566583144907163736540447102389386984027129855515710802184761397275898440
14255371648176485630178507496079671913260057890551741307394841414549049307372904419689555017555944031897588472503512693035837099409793491555367588893920
2109569023048047497616283431050323607471293485398665322470204377202199545797790941322003418308717037072136669633825512748649818681948596252081430999792
232877292732288100532012706197269315770868750167319863237668142976621861412360241908811308894758137148146381765998846379860572643278413980269565603856
34034650195676405593884824004948903914083422038386192190485976883359282498609896710429679194965145270078521143952257802648197828291371898007426207136
3714411883283773865773136457721088611061750506483738035861585214238419852664515567621307186298070229573724240909591893054170615819209575772093010704
536478113157023186939012139872875699604309900088856257279317207781151098841328588216379970408410883350849014165360464928268504428618080957965709824
57882750649611573831781676264327093188943871886450874134915479048049582927258353095911675094933090940344497013756586013936531436665625404859053824
8266946358075849914777903561057881487606931700421764490164782543604993998622897738529347150120634514778961383403477876432101857280824825637952448
881764638341605146226863034674524176129755782033923226960605369783912680498688618153043154691096758076097489912596209663953262021014891105522304
124603229512862344986314912205777385158241530209434150662031524599181051410294910347999765887029791023249957628313494913760840407573073695436080
13137673068454881530264786128217395659181156763398785220775371500969033521620569453457581564327389539985921321149401668951487402037133825895264
1837830649592426840164145138380534141687882398239620295712954189403726907326209409230607293251439744689818045965105756069662535530047775580096
191529922835542693443821761979494672038654999285742719621492916591375276370050315617754571074697492211877256449341117897199109054931275336448
26536844127995069994250633693870885513605489268550003065207800935662085479517395360126400820940041599849711203077120867594594516477810241704
2733203478439993981029647115165622260526579033581331168346999280776450280949410365453696998809753612201941026918574430440025203577155337576
375243209905865487403188171865664493162462192334001543135564345063394662068558641911337340338559618262872595361643538092795704888431988336
38191405270454591016971884296762206338999903424555807830101275631228880312793703020522571363516496233177448117287756033397422865849835424
5197884769193319147870938978467131454410902844979019284214944822051222652005122696662837518746153044726126735862900939963212021224452312
522681176391542034088918448779336702459808485860084371469660979342994714168974690279556030783496009144961576302630917265019116072690432
70550606608294960976706483595394705886437899251306055053269787186569069032239461472624242866703961791136657212661909903912085320556440
7007838796694110979426309866386453073471644595518445212597840802241098289738580769285052356974846707639278381070864359650975104129904
938481966290016123308836639767555717651827931566637915145389058214623868420207244827813451592460914193095820572204237435195155893088
92063211277970336219266593133049780303907270100339347150926934324210787876896603505603191635597641573771658209094167333195298327736
12236988249901079971783175168231352194930088701319489155254608114868799734294961166626488955309529205972647643847765724034926167376
1185230208530390713922910417652119456243341387660502866719820690355333212538004571789851288064435299734276524458984724622577622352
156423207570749355137671208651845691916129067695185538277414820642785666108660398524876067388860862932804676429109408757039193200
14954617091174503548646540563863066188597983184956083362182106362364723071557527638660137193416963810707430359901630056536077832
1960393149929501199219106781399767187764129809207145959858801484246065932784890051988556621675840670655371095593530104752894648
184938474607124102535089281010211210920490619497818031218025872515668485987572571575363205130583878623112882495997155255420552
24089113429463269819860275366726688947565560724552747726428867356311251776703491037019821475595398076164603095715578775169632
2241631286203815802873005565866142294290813298665324327001957387706140444155037194653053418062127297619978470005710250201272
290226798399348258328246899212073270738296504836739965199926029039249920911800346060036705263451781673710561851617277109664
26630155678702142755682537742684852091690331592350577248124727284310283158473841546984881654367688406546235041106710118440
3428306819525869560726192520794472360572002160901522019442101778875455289637295613774770822771406475448517421766956648456
310045524360830717802056674395913458696793205853183963249682058545231701864406142894029913544299062595527908202710378048
39702377534333944581432428348915988328051037569441065960067203721969826362410589233417999457916588347761576916088841432
3537289612172884359166138061227005684893067801830716489046102883886555150652278220081053378801587032430664257520250928
450712392241256467708342060648102992048924102518865210112383934760160990433367587854655379048809866494301400119011904
39540418009438739906662868269462809094946989673276510671961154815104564948313835750348251446800809940677603271762768
5014894209467118956085958910891495301707561897639671901165095222057679544072383418386767797502718648403027741822288
432961812734246604938410949494777441718221800024841740536731459015538650206065670342717855528378992517960888553344
54678582742719134702665278152190729065678169097542306039147143043940659046453484417796124875613777915421180714904
4642874077687651672813375793459881654203523380404822763913663803699025505051140503509643209928670049992743537504
584062666105858269037747911979302047851636558556071984312153349517524890716715291909726844938593944331002187600
48744116318171310756822932924784923519996643188137002408057994721392110956517362000372144968927346573530299432
6110265605228282967555632687130314356924387014270568505079857338319704899860112401596402962793154180628685776
500841832643668141357412182933553456238304428740094677047805565924586540344931474729720326969427020944877240
62584577228840129647529723034852660766104674174565305982197648843029591946862493711409063653122853411232592
5034325885419174050619565613382133205901215161000751641555017535545405106602911412671322249892504742062296
627340831360804613032434732936500636355314055525967382057240198485074681078766142270457374060798822746536
49480645830344526965877795594832376742349366519317989580560815182414661099056566285709953658689948444928
6151241942399536974176036702755747056191214880766771619930028922955451161214247595983645540726463855672
475272332282637093681921971385010710262599910746570839745174590996874230048376317970422702227725870048
58966792104824878566197575084927533860674019652373353716815149466100290865478243878635069168234790544
4458493075660659553441195236335423627927391001558616851098664318689778456674805174377669923645633496
552286601407762108864575919768174721879443489172021269203100811765950875135876484290038014127709408
40818644610252699230538999697541727428125472495177124994903658879914783757274964465326436793016528
5050336608234381099491326184729079978823017285804744278212848680790862158402198283314852410434848
364415470071109737450641220525180845042092115242769751208557074574180748313929652040205162088760
45052108689604201067330428111332169463956660331586076903072545655322512606304794130469860784984
3169537273203782753152854187452698340387734889376322697388360599104476102204298841010587477624
391683543168427294283776613530559862435884430001633327037653855296658827505556932788997374504
26828215974412707448051263370233227182810842298606665978216009388410792756330007865505555504
3315158519603912641102851125201339735526085934077274273385053211115703239075209627256493328
220726583701970030355643141529808675780098760798620299007826173396692478248701886710552984
27281643824187573128756898443896882277596610125962853520288112309131648973388663572555432
1762696117419594664030762690929908478122262658873491734907984702482935004657923640147736
217967823472418567908824364582504155417036367449116638732525034236539959144712575825664
13641514586076579492552667881714298088460820467744830953874507266386754575412286880264
1687788844888048165304885988845412141987847289485527983213347401179907910710738316392
102118560112863001330605871533797387842599955501726067940610472558633140956727512144
12640352041756795583756784738196956766595174090346109109125965508775077644307696848
737851417006586441004509147593900844002431587511815458300015133016170678577171792
91338469669019594198608467232859439059666282544928109100678670512123340387274496
5132906626569358071137359739130565991641977525961012456689865640447409575029632
634914678302200881995190633848469014644207745637805316130841305322644325825536
34277019190153258710211658855729078980085394990861674757249159730873947906048
4230176211656669558653370400944884324924576591689189424745418156259737845760
218958932848510838982248757435523225430597083106219181737459421195741364224
26889654950950625692358567798919839985961021914795531717044679677582770176
1332335013873211013301286981808251943996193870301654314442827402442702848
162108487550009946357559486534270528733609784743128040028397644382470144
7683112981213870811077498738006979892504825638486971053250912003817472
919458524464062843522188514258685119531270178050810168157780221886464
41726077621706542784532748534713970002810917791454501620996148035584
4850807019207612173091530066810806252074459362621627954729739878400
211749297191448310036186884897025310686798482538462516663667392512
23392348776376960878077587586890579969865340024407718147548774400
994171883081407304832369794102830366074807931877861876438138880
100068758476411747171667709702049089827885946723558291822084096
4263278532687187786127966666493712978558449352403804334587904
356802658516478266881786997878822062420658714567672317607936
16418556230865334295394946935803576854145851605633585905664
877364224407817900971774227228032856919547214688719732736
55533653542320290442867541714810669569628323978940514304
-172608174416293707466642548204392865639191073609744384
160396335365295172466903274456179167803920297427468288
-18510272324313278359063213904938129125987667113148416
385409247476670097197284836104657564558592944635904
-135303528202032770066823241180418468482720003522560
793622514820222615055874386933588750938681638912
-645823008162776046927933495359601898329326223360
1811080564090733346800519422878538712009932800
-2247101874943566988580379715804305929470476288
6141687985281924149955720903670350621966336
-5515037831583314820364050087465010732204032
21417156293481674122752102469137145528320
-8328177467275973054033465755064994889728
48088705309617310475654587949072252928
-5214600903688046531307062419443941376
41903681891212053982657712624762880
G
0
N0
27869871091912573788660003648406990888725706304667221686461828574852656458169974046899622072
45369220691765375836110518618522600146686067921026520651343682516151519510028988663200803632
5369407601577480326840517134136980155926319176427269681116724149054843230298162538714317892
3592095433843511657575943875623874533394016933640176601451445612087526355110162685190687652
365608793357596228016878163734414455418084083708281867720191998028483638569909524245217536
171510977607525797049454153173949334169541634156009224681699612773341243521862849743025916
16532649310056505356303557196373057140627178429394770576883545910556322782647625878250588
6286395653422855123058085204506053714064707699231128522457984137004123510384356988393980
587508838057443892895357956031125503745897005019497067557403493573461473576870933702720
193515256120883050325508653594334724036801074254657117475019027223940917761630110242100
17677214744267894454252806966356169562639414001070455525696056972457526793639285140112
5236635342525143188949759561493183431038169821540675071087130716617905442037756683184
469043873565649532424614511898427123901763384780812380812424426929084922673560575980
127981787613593059413856884173890897375754460970627084369904653814239875325392499764
11253377751890230417716568608019485026565915907950000809260686713351715534314381628
2874961847097128857813749317622317009498009880300741434143849497891495669533622504
248225047916467232002867734142691998292336718716313987792140677227525459223132368
60087527303723447949797152629899501053060146710855508512965025449405730605985976
5092911101239218358137710261605217749482826248126432868692587228864264268475932
1178755920471828827884808552591019725395238832201927851989693558300610448514128
98024271712343803002742218847241041263269905606536977209712983096951084713828
21847501196501424499253305453827874608713069696703538299224330188484387147988
1781190017200642177921691544238800342722848604492928688168495837538436849996
384498914084105269602263844627407645732452505993944632152640052253237843244
30704590648113310349939669216069046565327966829367733806865490219990037744
6450480974865093173811884322025576473315808264001353599836130246262448112
504009965643454910079220686475273128822864875297243526977194050873347796
103469693167492245889609442888788436631265523401287794814596215737830436
7900923702333477052499277574154063339704822828143472170988250935666608
1590717448725592602368583066638681742449989827969629675035146881681568
118547279163771087674353205604950595476309213162878541971869594453276
23482133201136685914702052245874656965465864629454403536752432939896
1705367870742971316628354536818288687714596357235980170504618256836
333321489722753615553338052009116102940707310191396758352407905228
23550399735078269800727273436546592307310213564697096589987070360
4554341544109907199596649606129584753643873517352132413485741552
312465321401172668778644494261191223929392396928750923095147908
59942891824258941255166453172302524458091461037114016338790668
3985147422836582089083326986739779861607611746807040988892636
760294460808466194024656352628365521487891555468149666159856
48864725431420972158475535298233479008667135053813380193900
9294375244518188678695288537935602562194288769849425435088
575946953487321962091131386938385075444630419100482572952
109495890762320922201157242033454574026753835848545527184
6522144837584684217515080157735571876601322888565675120
1242610852594947868891721026443286945001411416497398544
70900944216696247820998908480317072274342268835617512
13574436978059359759219729335305804539365882393575748
738980151555061230357211489269706568140883750725764
142594816239210365469179186295968302928988726904500
7372393750252853213212955635125179847763041285996
1438344591138798445294515140590072671176421335112
70247785916809801221455928696242542092022088424
13905566604474876041191264536178250145768749160
637514176510514931311706495233519959735761672
128539343367709206390800893888714808539797132
5490744084755253072847949986938847692446796
1132575591256654765475463848708223224664048
44676802467667079695331833269908444469912
9474716184223634100026131007084279998236
341436588483691700289478059405462049248
74871106219072113210793456487789490360
2432381131616148000171022824416984736
555136487621313099057241772743751424
15992750798538360651793529969232384
3827542969448232259397300420057088
95758767055763324894661764628480
24237566642162856081483736547328
512646910632012059079624622080
138476387709382877651659653120
2391147619530841237588279296
694831830982365750019227648
9362845282017907581124608
2930626113296717523714048
29184756152025162448896
9598955142736666165248
67210242648572952576
20716091783736459264
98439413473738752
19679059113934848
65970697666560
0
0
0
0
0
0
0
D0
139416986059382500037278902912196142117789040564688631953324744545945491950587418553202764004018
10092877844449140202070371952683040535388316169672973628969330705453655197843597460955266565392
8137235420252264958951171268570840987776578796256790455994195051387995523465362994800321717668
642674682488460410499818102964844596511076801222209434343765223297640409556803840461878989224
319846148032453072718623279111791057514223373504434819456075697459390624082931649357171083130
26089738270523596496257915553117953343020209076896864874183671404766093761417411708556647376
10120446035977351068283951487604002553921169043240735906855377067688810796747865927564393358
838077858491593204021491017524491467482436443080687738709268810792070409433984029618518744
276761000375378538238269063152883774075172494473857028449531174597535926847637253201803654
23051885655776889468064017686276085418657011128519634246992484484231975634781728000170056
6784111801109806761815196923601076085328083029798100319103667361618672473959839690257472
565034125814599986315862360124434982498825241192664008410590619454398217355203575604000
152348644875126797970009807979226926985957965232666427472197917037279850836729026006172
12636694007088411288424037043350781583453394767107003182300294482874477172390974732904
3179462380932620785216027177783601218995636906068603974538656378809572422480268399034
261838343880230814740784445269826831486542753165169526280027351560303379954841683144
62282892611979674546314804870229305435593429186207927410033115839064649380620783916
5080066260251167509674080274271634619045724100561011100812013445683246020207820164
1153547321022018703357624223410454592974321315281426260858725881261362809975693562
92994670129345693211756512290836466841411749712374239563707935913236536734836292
20310420861296842033655023967935325220197270669385347363203641027810342537776382
1615350001207500371180700996582597499055484519802867987160973993073264509304416
341376508583165100567990692478266870020132059009642487148294607509882766776232
26740510680686912304727066570845634526553897903033810939043844467677507887604
5495302252076571609288323278068888273465396481693229466074546838614496053502
423262518275023890182120613777076925162539500984300846907774460917027333140
84937684611746856667639066426155505555729656856799409866336971016032675344
6422477900855860561358689986835939282653652002109876257407193216632840664
1263077118469208759569088347150014827839185913510039745073803166456460806
93606844117019931234466449965097329624238824019083662134831177797957100
18099140496245798136062611868182985987530006270851148895805721654936518
1312431715973088637433413549303640496130266080517121516183384888768560
250209309532141906824223007480879152818831651461640467395487335088598
17720991939492294170822297877471129092715758285273199010104961419432
3340018402911579879828313752896074838131141200162053185729031411382
230605049495838140847537693730203306755493085648735434574786980648
43078054309535351973912374476416501534725307117843073844303812638
2893415481112675960634160355524526927993757893873633333321557660
537003312368512201383605265064233289093865467090374163531471848
35008964221322394966604025229639660008633484065531522793814212
6470818783739254417399176764367785112302532084944448460748442
408429307451922037776219910747940885828099912259625404468708
75361340451490066259235806753836782847342197888909382566132
4592434755260823415818972067698792840294117123409507731432
847983209015651251418059213881025910807597632325462479656
49733365629498601321589967053340368344682520251911092612
9213155999278552950256079962818123049070211084497907414
518181709890811219323829864172939657614690779311320920
96566611359989060490166723291576615366788263462435490
5187282916896642495991571295230432845299403563536088
975269977487257834338158632192013484957428483651706
49800669056695329949633210664710710299157501154800
9476109112120464772086739769585512089830532070962
457474836692143286620685925784404373852479132996
88407155994297198160991194847304550690878990606
4009350041797579537477953769769017945509251292
789982747012948582585412750437920890111561142
33401516504368354906655200692387321570102540
6739992882493395599976287265714196955029806
263290079110090129418645386015628118440592
54687443133064888894738454445754489295268
1952163104564754607141537094982009129444
419848525344646554156341369483547224760
13511349022371314714709474907149753024
3029705254754925066612696218893860480
86422042229477901575084123873157120
20370020576572404267814820917315584
503997971127570433307250262450176
126079509307819408400864922009600
2630233980771623184438971596800
706238271436954851131488468992
11959132843337957790204297216
3490370086989267974725042176
45520475876802589536288768
14616363491194108857286656
136266882644247664656384
48324624640644898357248
288046453437210034176
109700104931078307840
333718546582339584
120305813532180480
65970697666560
0
0
0
0
0
0
ENDPOLY
N0AT1 82761338184440515210419421295815281767346173455444197012970682224970941658618468104233151992
D0AT1 158646975747297040709912531470709133278163576270972311480672176382038642463779277953387248427638
