L 150
N 301
D 73
FDEG 133
GDEG 0
F
227648870939153151396940842749855885589585221439413767087940249812486329316333368678270254112220742463739600584711957293211556875573881996340056890098366170424
383495371675078826276915939357211071241635919584959078422987178789511561831344954092199807582403912990041718862369796495831839009274940974803207756269857012776
81197257481686589619379745715031686627570657747739428375511646694571359625535942900331978829484914230567623540866603932870985212628091907244494552111652364760
60556724326677239221144941677454061201639227181195703289042393254348571333480269398637618116566791019259921398260704685483581864029478733083835736349910216184
10010950639328267530723889530633244650561314915109879064770987035546196048357386324729093838336652787690323166088543052156545897741119758951569755185433776736
5138616824633556860972471306192525205381437711340494095091733564250321896753165657224555310733098121082380571462802064406706665963582696141942204029555215576
766702278547914806681544150974576718381611743246858126972847478517340324889580260662725521472570086585315848397104075026993728636009531181826374186031873256
311693622450557509272660732192987179978205663052203451255993248061585463978744581451552485265586602216556683679468463171752491356987315859981676911796302448
43842493770291429132344208271387720488263478612155902493710443171862044803384102702702063352264009103411911918231981024377966443515153046929980162347754496
15121786976303737107310493086134365756686438011877468663409076432225328438352315361229540480133553590373427882486293923685051072173971098998209738985572248
2043032393702830463711055932100325199148763523636685281771034063364331938521521516115703470985243157222629471627304122962027824388268512253481993929780224
622456429512872498494520704829181559821912952740123508590256267709586626329979723309998417885191755241734712575357847535498597695132782009712341782155672
81557409887641252099250468854840371817481413054708155755544496054303412935700501601625194946905248392288542489480218059151262920868286865407020790445640
22531793167140810405556600402403264938003900689324023620304627395027204016819923907595316790281545094994755526575260015955474384482836701239777163297488
2879021126956596428511877568521564916597521327526991409877778694962134495462367838772172408869044383109291195640040132145055210081998706341555183649784
734458113332803495066130162240525715743936172261364068891811008936726070487905136709374664334050537081726315177175251664852298138664553167031229561088
91837676023114484656427769006062592032666422917625744242372783042989905411883448234934057960560028155422063745642565802789468878791303343668541911600
21921745095792974004860632564482435714869214865398043374609731138884390213491309810736046208109687964516099157072738597376020609627674558879405441016
2688666902646498447609046776356887588306001932914579620840688548245386280463929434875727350728701613083209173422113126883849650108089416820402146432
606533601164398430351652165939563968484406254539430020495122000906115117594117850589031576010239992560062916748847868643025887582041280142865860152
73083888702186192090416425107394680735918424431089108119970477989633492241506507236413666431017793049217914729564359600784775848814021293265889560
15702351698656134949213271901943816154172727006029234812953679186910799768801400183164777588457949216159632306665972826184967192831529450456736888
1860958412794343569353553542235854246014284331081660072901175847332086427372695363309153373969852502358892185235714030041168023043210720746401128
383155149774413811941507673158559581798400121343029101396875684899730023930087575038608460927374217496516365494883652108187264800614989674137808
44701221762036966515181908708829559289935926289235758985664323074552426028803256009346926040232275312911450893130776304898976067756124887263536
8863677785572416959756183682807269059800147225523443716302889667477746586794804437324471810974204032090664695233806092754834781597441869221328
1018604012514415421681098972433099503812708427449963377892863971425226314792496153715589709685619234439333285727875417060953117071471958206064
195315063469946340243843152913572587095295676462264959978143758283559308021671440435858839887919591984443439244350287763796480179764548933632
22119689781131093925963244611457358359772650828582218647007634822797172032294481925899502800862179098236756517070312179106706976189714980472
4115575880385719310541044931022429382733661417680876180174477489465911894617337473651734393018013193964151664657533552124121526640075481632
459492681561367708305024481155194586320178087645701206712920735205772808334630650187285197365362481709761101379445885971101847874816662336
83196893595549744857504242109791331407282508621400761892459022400878796192751715767541100006811217315628467130975946277223672096702103456
9159497676271851644822115289552196217422904075576914316193365613510793083251860601834005344783793649686148080629878731319093715381471368
1617893211988167869472236010638054486973444131196314532433688423498122135033916031447601795115349806648079482174652631974013306805920320
175674876377988104004578113595001415608730419033870261651192769148500649651232906690722616140458396915605621856995472302116417056953048
30336312352828623367349839910897192026148073712744939179883152052810420981573191426463899049565449708809248095012684463368493538943848
3249143392568377077534776394169938299951841426235020712795641853506805870236819533942134534257306763080533522257622887716596857972728
549544107251263780039067706227720425161780007816951404159475627517416955964946291769184829357345232664901630618700256764810413528128
58060664119491693689630648763380312490825860305144544059526167613099698220792901122458795971588676318176080764787481248713524104208
9633937483729018716096941474863854911589827223788799707179454057459801528071040181254352620838643980793219226800935420269045453952
1004066281612107703279644799925393498301791567511294536754614485578005569945535278018726753526485419871350470988455940404611687200
163681312960424637410174488334583741599786866250162289013655694198154404970442410341610878047466433420392009517470828038480272872
16827634608176257966948808320041609119716300011256083684329493780023173381703685470952193611943773264357371417766587611562576256
2698573931669491819966091055621096695929851996213233739386963964941099250347491449510480571211312873371540242233164431271657392
273647691162160948917588773341753602313253181642796184339962980502522954362278575127355240231489985304537545315682217687666360
43219648850357390738805014646090134997986283454512927473210584714190542662445130575183914296616705840815149249280560971525312
4322379024806207589929613659530220592836593758604125077438446000100597785244922847345555939917670435873457363489657548075464
673049963572526195439600146839683944245672486822775262044665756722390775447944311181643798769491442861943523294616729709816
66375333214221435835763621372499081761953753255803398043084248277917371533971971652329917579098990255721063475533598644648
10199612758420137583275769497752702356339407451619281723700456470831425787260667227290095448132616301527527063447006862360
991693961861396215126667082511728844692138892900695971104820519219636860964082226533091359454879131955007287106470678776
150519107092744083627676071669123787365721757341747467466194228721149670142752669099776269829978621561507798947931249000
14425137992590016493058107254376978121173763470150512156876292879505425127481836212295700025599769626888848266623060352
2164351167555463129599747092496419477081692385713948316851436191879230271806397741826563349403853336060261967157124728
204396215318731285291480774498488424480014738750197799375736100963570477583714995983820169474731522143790578732120512
30339472736143554559688913742826975756180509773228601173084780047827136364909509510188678572132458428739529611875272
2822503034287666848347143124860395208036195306675780229486156490771662900164574136761573629287577645803656948686752
414773925191430121160350794128420799588750819564686451677550209970706323530996379030242318737083000573667614430584
37998360218944738301249142108132827045907151863589695775784566800629731605691632288903796441992872071618266294624
5532002520968249067249012364493449002182091204740420641069560621970308787407146107684658168923890266615834690496
498871638962364971655159507478690656225184231912739459858450998250759851328104229564831712727487302216799915832
72000034380033851385198291601328925450958394563036720175654821869198951077237915932192124677410245248034695608
6388475424780698632056665890784366449217618430613887981092125623163078241103319108151015361497328136254698496
914625640367200145803494203188165283858918122747059734928860573612009332255679655249303227904797954303967072
79808393338341842883184809745018246622886961743837616827280588101955965045915707162682529576308291967608744
11341364929683043679931708906992404220124768660353860148809870135021122724245372896402504128798724612096184
972679119700365717582450917036196703985330475223444897364645534399249477904152737381618281935542626484296
137284056230928668840538788590298670199933544638575927463967851706950389087599149457381342623271107059360
11565266198990751615565512369555511759847717428204980102279088547246008646463200523496097584314075141360
1622183413550926573906085092673096934059089843346633223311794426318099368516189326569541613559440335712
134143732144086730202456256296011445007596766664022502746051360704499716001762895593757174287470762800
18709730835613938327273667042790816073379775902421510433304063560972650300270453528040720532760771592
1517557780742858834814513430998633113048392477357194784664005332891688282824529937199083764904529336
210598452099070273486419317883270453967448659228324437311472829986824690553782689114400800125024144
16740872938937175230259198710896144420313693981696659429649694622070359368172491640904504052239832
2312936162487808722193139392458088679711935256292227338794049030175422477712897915801880685314696
180024544699346331934402181989214128676373191163976415380409430743297444660737092037305274008648
24777671257450673812509333551276440713883278481550779859893833557127038058752914728171825254328
1886389535023938312616395811955924079415005795724380655876317625633731882544952914151576182464
258807998918014658556300031412852856216310506099827838819482691417200014553749668112415614848
19251382572036515282023059590296442619668249269101004248472244887572267240066126826941876360
2634564321493157236138437803368501484588266008910613169848363055526031586569158877999187960
191233529134885521779971022478562142411000309439653789231014799166558728822567081591289768
26121926238621306808870702197914252011494879391478942679516087579638506232028375902520288
1847691914809047168930025693183883609214923320097627421926088183340255267839380013795336
252099216955037471718362311673169053883928649146241313906953539676874335832654213740328
17349847986625375213426796647673814050799646835845511757419792865886855443458283929976
2366245903021361655573451487472931501723866896584015519613374616257640826441569416824
158174972397384819102159942440727979055940140808255877115712357405201223267208561664
21580575428008311444943252136736048654774064041270404352371838898462899723877169736
1398493694575340552429601011507171267930860881048014854500985562038186828671190104
191031690232995364817865515039861475823890830335483792462668433649861741103871320
11975310910151879246060383885605190018757344085109501385984078886374682675441280
1639202190731005606987223159427565085606078078787055639862289862787280145273104
99161667278034900440694256640255078888200217652958375013133147214920960987120
13614360620124684875350346339489795977977586881715496099388353066571007000992
792584308311919853386681727675479344943627833886575667624907559962762106528
109255403967916726752630973591489701756154572457837689860206289508171941088
6101965192621748542981331983768466032369027941402832506454887959118242352
845437887203068329381720941732391226199198943678413484585831139094527872
45136640999041737344448056561700877171582001953517021604928346327349984
6293131162378447774352846481087218512573882530158452898578951480463040
319839684358120511080252590591259847596397797461281087264781377376960
44932052621700843903310830686468030721859118541062172920846098381824
2163367962036024640574765581221624785188096880979563773903219954176
306665790877425757160993274212176633161225234064140474322124003328
13907351153707495088664112256711434486718280034294318663978622976
1992517630603418955694688335994244190078519674383007389299605504
84520101407277122585756187038614018066721930396128222805753856
12262541290344528732822726527418154692832286492055944892776448
482358582092254928906420038020031081941323943350901924691968
71039130451307096259074250100352062478328592001313741471744
2562871140134051006082258206542245576133704143319488004096
384379721532790793317202167338794609935794748927934201856
12532115098276812862533332687028215735335841375566430208
1923216594872118505271403818077233196828828362973642752
55491698978786456838261690689108231527911488489521152
8782471790330151133317623129623417359129641496870912
217103572620231872295059497164473381922331699445760
35962588313704904769541002709243181994646790209536
719507872528834548305996630801975385370342195200
128792711999078443760327309013839945900432031744
1845853351816162625885648202676491734243868672
388331957080156521391678407049785067060592640
2669674153133159037928012607033581605224448
920804886576951133840327522637047677321216
-4108525597011339947863209532370775441408
1433103689932790124479273982811070005248
-40709269140238429837853941709370556416
27722444315181333998198962262114304
-126633114089601941756049731100868608
-8678075479408890979509706942316544
-174889412425075288270744986845184
-27809932517067632708556888735744
G
0
N0AT1 84570909716031485737861709697004383624098185899177525673199126131628116517448
D0AT1 162115782042400172933104757651364794856786936391797469555644188637052228238975880
