L 50
N 101
D 27
FDEG 45
GDEG 0
F
39524023617112778919522626850888188162752276288565878416
63950385334256267932408006224482924200799937006259007472
7454050220509981343931790217679821925293235851601411996
5979848563712791284848855408234846865922015119339943224
510428943017009724493811634976103085781388645551199370
299037587388030184136083572380598491079092518153945854
22476164208036058742186170543848587820852145756123716
10714321759065729199355725179812463232929347581637988
749930016147870392585957875378771834549958988685602
310376630436409535037066836431332091366911348427182
20668437910399665877775010932922226219136026140414
7659330665032984222256471015592811867582311513486
480764620957063746420337749246408482322762370914
157939598140626913613786999304391746490468998552
9511067755129992598542355959280322709471622860
2831961037727134957886972743638110645400074442
163769004909889732912441734991216573035505200
44940637303029209760336802894509440176121172
2491282031642172754367339206121960889432684
637035118522547398775042949934189958061450
33730606056432749862977560817971356475908
8068468154304360108064412230051070528334
406294562920223053051735870512633035484
90916834038201120798490159107363062250
4378472720794137301141158078906394350
936576792060609259981889471025646452
42315241500397773363724736205765204
8722594241783310804470483573295846
365243497417901509869919249382562
73141247251071656798360647632822
2791652824369541327060441261052
549881796200585128353383581404
18708543805839077876957376552
3707343655611192434245766580
108622786385233882123116444
22496493082403844100313136
523841276040553899608688
117500787676008193423968
1857551700739719487104
496991296204927916544
2801721613176410112
1447736967795953664
-19315020122357760
565902165934080
-160903156727808
-15479907287040
G
0
N0AT1 33104320850170598179826187
D0AT1 63459246994031192059871021679
