L 50
N 101
D 27
FDEG 45
GDEG 0
F
30318703683241082278175227419221369052299866130180794285344
48649247447230585980353273234581291993940212424086753666728
4946039244025042295363682091335165900888800891928356068632
4324500246610371870713338195927372227720291948978959330256
305930070305640729181171307404506662198003972368290984480
205505611477759310930257087775824698025219094606807297856
12395983197205571619759166555418285698190471245677124368
6999365383032178151064547860930795126914050542528350280
382884948281605475816782548129537270499336384600575480
191256433246521757508694674415647392790795627202322656
9695816127709770255648356327273724228229435350556728
4350144924740761248444986829992387244323044845843504
206062255969436696801358237932117533136149510991064
82527003717338872708508975180100918293297752623936
3722337205813638398306804932468173304846544233968
1360249887875741518943064243260838693919911209928
58514164258026254483865553341010200508189681944
19788403133192876447382390305861469361790329032
811731369771298326045152224381249527912807336
255932447935922706293564260696697897892086976
10003200398181555404685190874114571789740496
2945744683559659941567727543921406275724160
109761096318913100501645408298232356026664
30370462534216657240833270004766318401488
1077640667298951615333748219538138227272
286446880652754334602388545489365063784
9487771586462127108201570323297297784
2442888587917742058222001858440111672
74596118084551093532756250383744112
18801440356861630827217927306036440
519510670549721335898206649459640
130542324318198118491929897735448
3166080551023825281393637914096
817755425863721408644795814400
16488557260283615033206788480
4561721660596897045289058624
69222351471585575040792000
21489396094754330257821888
201487847932626598199808
79449474509498035851264
175805021647027150848
190952143269934399488
-1722215195126267904
87973887291162624
-7884387857203200
-689151192072192
G
0
N0AT1 908943324911259892435460700
D0AT1 1742356242556032414654392088684
