L 220
N 441
D 196
FDEG 390
GDEG 0
F
1311924328337620134655240040871760380315051680832878728742365951281276398391307859547842948350393704732828982354012312598708846469693004530449743981601060995847161218016403061529483784860222620720214673310229652048165638110972096
2966991286964784839280027680613556103664024892577892068660248220440884003036373319122067462988030150494573499805059665804891242959007053219219826447010224795002075274352973394752358255545397838840272938610234833004583409766644048
3388338884625680470870179762642359746776427839319818390804339640235094735201746593019092015818293578853077816895406085817670704892337634231634759927758746980074298189586890276887461052917877907864155036882242255322763999124457616
2977999802048720114820321321129103438387640813380845390581023080829384715997870237052930480121150738831968706587392073611747225477371110099385778751112165536603382254972048858734665183914073776153812802171373079067728446340395424
2149689172397040432518371883327574752139713306722311016362228066552665047158502607779336705292126862137429429601281959821996416517825077942880424819164066112762530518409746137646118625662377687234814593257914828393395462388182808
1368937971873376456408582579793485438608177671856251904706618821107453635858712630168754866444474268822872799754083631573795932944718160875195578279840441784447575720197449556604480339347618216476459001335713228732852148709386912
785514789612108193601015660118821694627099784139611369261874869105295197963822148225191202785809928511636095145515306908856449054348665042268836757182202748029027031976925988992931719543815006247990259702356099826968641331246336
417263671088747663961902955943277056868701421476355120222795622990850266617938991057177098234218978642080485129127348501116868454439914458641228341109806194611591710771293133895211995178372773305554112958045171590005520248657016
207770405518607074129339206190338875654444041993173427351437930396880089196543472245467113559340543482052789518163884917590283109175913054655098942292104558280302670480021797298704482114751677908417268983264140844099039848300400
98111212964187443491898877052746411096055117441567674007289743839885494235955669849296606025735441725831267434826697711994412754563673649245869362779327257035565145171918832528229945942822559558874702763338659158960622743861768
44288018620194652673418120570455896286860995494425471131936974379684668820630563654300310616038387957864073925195106959769342141965579788720031854900767012106965443770192119890077804609571834471279470199155039168479164770249488
19231746218586282792164964179573378116701372455240122157180520332132970424786578472498626280009960086501713610275348470646713401512946914392938603231158081622257212176361355303339648730556710280122103803937934698954369860816840
8070898148989492014741206420275901056841626518707831599069234787724780705922118223003680418821043505808352509698168766090259189552470945690766158896862820285628998989671848452130906760463199361664957253742957564519037826583176
3286567878826578707258107117545430007256895282908326276148644618500391237074176771907083610171983274886428053796461216946920756154751839830944550429278359074871896678166929321507808344066459871423792400180932378970473103625720
1302449139327502982116352390857681794600739677647348653118209510991442087192987538442458107591225311991591914005780897142854097486288611442005493814996939202588599854272415204566751764540634078309662834075150920559488465076416
503638084733793552117708069045505443426977795541024262380394457061740828322066299196514853670969361613559743215361199461666156751014595005185847821102568714531845711346015632276903813324406573002138110838092928500253515093168
190435323377318338934948485579743006671242616133764581229263484778194605696900176908585504261721036377492590588165081655699748437243312479651604185154073226540342382043888273606580748661292271009867497773223073061842752662096
70545853391019740940693813669675095200950246410876339516163612461792403961013331108154879475002898866414456900781504715926654388645307166798091047063099099814581801628681611876694609825222725601336999811111122423416878828536
25643861905002819504628772942879755714029819325581751114161232640029563069113154976008379278758220190964396151223769677533221872729159365434519370400406475856458159810435700449396206178129307050761937690516347421343380494064
9160819948066762963364632148870646394247799950228781382126356580281083912121375996782659708953797815735343322039774124944436005118545678729056016284570817286940419719024910393513146010381032237815973304742860871773368504144
3220076193743001297811953079465539538641407533352144889601053233127949732510138856718494215328870309959593268624783357356821694279928118720605178217036004296800806267389956974500783542464251905277928100351614089265281720336
1115058054390696078066939727470879164697213356544803060423102313062512840816503814025737819592759298457011025536494057800838395352497689668387467519611078482583793126040472810854768263417709999563622775767662801056306155784
380778799401264218527514974935253143124672936291463482051348326756454155310927407343867209276907977296963691701569818429286974918868356173891046274692683091765594007191560402431097516638343383819548707202456417774492062616
128355282544879426797721015802901902608777744276948128671476054876003083306164239245879555984015173466176449234015732882728015473750874700084713332640012153440949071976276093927719203681084572242938727275512691316094645312
42744867326461286467383549096319791576371202066962813228051701495994088648234829343658551516647222735802462747209090432521650105392811786823764252623852751133307737792544443811017166323226629944530853427846706268959294728
14074625407697021568859192984099643394634948696024388546404973495656358362040530981628916079524559128283272792373581770359157029406950873639683283550578545958780195305952802731406046639865997684433382821514030545390656856
4585355964720806366446366878469192339235082447636391499795669372959150498357974102356580322817102183935607836367413067257966342799810997461332471691248190657764627780083809941271011184187969507430370128897245957163723104
1479071149112415625732878911820904423899842222706803790660777531386181826958010274686619178892732256049583288131445554930733083105679125322821629354073219092809038141010326483568460407489079038044297266103126262037877280
472649889911769161138172745745729672996375102022369119523750142884960088041277407935224898791375043955404803104918806335272825373169836381018401213018318179522810642570128040058555402255573281514798955329539769298681032
149718810190372161148959237256194688351807109015656264146865574598359179671091187539350070694342344789123314597045719113035918095704852427738175996371505680471749224594756698320538502749324971433564093582865517055437344
47034446697922092782660119311923104701623433603752479530232015228669447203145208368473997885371841055817863011606435185728972702288329707648500828882210666777636112269711862144920163014928822300153288419560758187575432
14661453561620231320932877309544507018677820238453212340220311847225040558403664730287644642967427219988419877325615298664648769487360470049544451686565875278499521524717593737604634917805690572265091607685294441847040
4536757581107279761607772272216655498753373771865575207075541373334172447771396691016577629739310569085196571278841589332298514657129260687284596474288557918842793690256791541660967973377178667304108526718527698260008
1394161029239861816282297653564814987902414887634156404099761286813763071725009430850222825036098256061816911009456480273186975504483601153609288367337162032761620349715283688884195690519380508575532556637914703550680
425639969477072157475844162904389434926902355228285412715126335558081174586029582752893737047688325495946003289819840945415511431887108148494473130125734430196540784790472971635935901350844511939780804433962592232736
129152681847148255869018179748869384878314351320229743063596397552417416862995481820424027189344082018968000317595080478194811468888717122328272402582558017984395112023524096919760765638023705636147079482539228012200
38961927058212980110728949999740124960934832606825874975526939104001647340141854880597410285233981614712801205528554705496084040635415433669665199724032712348035036109312243988164198484239638897722091530571769055136
11689782359297925866995115949764572663453543043853548961410412367129728249000698974869108140433319161817199446650362692845825539392848950126284903808400045465459889933032499191987451009571191718203307688693285394968
3489237216273174868840241037213981797390667130155500020626038657382167497223926817119679858741145049607290132861990254562828105541318558511539580396296882729561221078505448619382749518535754318587227177331768597944
1036458919018797155212517667633213069489439834841512924526537638359525968385113891453000521423061762816143219296298191238789947926965324079075791979137569848412646631375433365541359741902724739941866802674472704920
306470266789167170158162156298156780753874275379546859876694514770069842999545718704645548163027725253930563456939811077344774965950606112394597312302801609977275314824204887127404807896436481029927584247049644032
90233495078393276861072745545489667648193363700766029898944361766327997592054002993382102512176850416529142715284865230229207248988058326403888439983643985378555718161368237836838041911718815511769300952876665192
26460459225548031773344538550711368056052037533275799444797001516812863253335584441956964244344986880799484584113626666646892228722295721457157010847003355307833830454844371404287223659365398664927550488032293416
7730309767914229032283771229521593802918049237089043990619696227041295115317952975263530804511049149872213354232717669712660784714511776805772951910655695378689981046437831931178647417673797515354217350763275696
2250425326941380960005400015772320092860741085475583430955484162603819307325651875834923514329692382348617108799405134319635831821740634450554962458180696342164795220347073084275856196274689982384749714775710592
652999427028180066170928239236924991422578313166338638589334992376466556117848337651143410802479497967942407435101941170201527044706224012744520277972180192242579409833714480387404431673688137028632484623855184
188900091447240349383425249607156907646975047744645341140857982358958167285659168683979434632395460550141716915709664104884879999623958321202992576632767207482641678631404829519462529373134587473210522004859776
54491424965720682612417944584506650966329609459547602555510072933064138136362166648357446893099417700106530851003174803104679868540413624625046903313438218991803879065189176402066531670683249659102354063037240
15677769746019602550032207659112202359826114203366882384186489251566257476261035754040448456590215917758817114119635221569826366891421513021517310880172493085716007556402195898167502158688426358822148389205400
4499868184072328282742329575744538800847204509977475386741765634894789893507587043727361397566651892677463285843360154290329137097614320994435134379593096927701515396288066527862287482980098434440317119299272
1288697352805277498778858168776751678741552478512166474127473945395516673631433847919322845414189953640098531179686615296067243724676662354747302870880666007267240894709126528357929868998303897691388569588592
368324468140162324120094852050483708808141653416652203670905576011292574740537415438659454938674673482747684676277262627045500028064863024190751442007163888746547985721063448228175857499832261832866722039040
105076968323125503300428740327702567346791885046342315556274914602958601797853000717889955898752198519589503867912188624631383005122146680453935443059303849500014123113657419476554394542867615177435080621504
29927334780122607782774244228897649037593413900250218598928656870550926241230451964093708812201148421426828031609143636424973732490803276627993953744908445707776365633559157349000510416762972637929818270696
8510849429325323864005526344540282998057107921053916061260607504213506077230939611457406403846792928480596948581151861763294183136313447662493609714594108503017751536961957881140895338074370275416984720912
2417136150426954358487898488937226624539292518599164648607541157441092820242357616669822551287563996134083733704099292294996141869248437362723199604499770561360110507028862041464239039954801438231047505592
685653670327120975909470386372489669002676670563918246149170500345629044221272697266386115403042473114017691995188672297223307951984538104103152013983509146014915249311936451869841471081765119697787628120
194292161571652117545853254044780945628026527219260815695558421590768728221635604635914403163880854712480488600601137505964248174980112615802731674201867719214263072117952661649979674584648119360151510720
55004140733003659907046380525514040157999155579452335531662085265887437137731626015803484630011000066665773084056820741689531102626415877123057059514265659202822495282884564014743058298301434041246653232
15559227683526392574937381126521047836279031844740286491866234523503876316890132381089613797917013442287448045514469061006176384235725125484663333390244229902876743595258318704074065289973409017706361856
4398112469541585071329558982421833090142645226632914255658154586458887964564505403138664163216845391794778020940691976159793377929747782238312900931341571889879862277415873252328424329262942234400856120
1242466575497700920166450924980232626198849748463676368919863510862926082002641054999975143547767469263441457858310898667525434986458362130567452162957207828581034981719810013916281334113316742846736064
350805384046959723177096482911580868646839231978340483569073663736602595151377783282358171922234005987036420771127234902440311631263604021657863218708828471585819458012843643724789599300449883201695568
99004904245767057947146353714603652897701299220496413032790142821638950944756823064730614524197714775752768780474705812950510543268466187297942666014790469961110120405214352168709391424575550749239088
27929897730099934854744059986852060534274855464490327954425947018422054977273631849556924766264139917817096980146814130161915825912033615701222257953613887774856068007654125670117553443057347889619504
7876654429526258353769784242281864432573286469403751266030747377486847628051574515581277542146035124948777166326042329857767133157785527845166843259537660763077745416188827018263507396228520113512792
2220638863177662730884686453199177141601602898843465782834274511568035577780742542696681429364558917929939425176747529046622753522181058770223396836663999931269612193260936793779003036113915513791232
625904084234697902625525663955884230714524172741348930555210759107708327137852424074156985304950245156389579067554348013132965307252624056144188950523701398781824377210791685461905817703251632304816
176370839485954240037092989537357512117751476751404124188369035573559591009612094263684796171809786200263467300705153850888251306414191052223103604147483109610213127608474249674441009232300838781552
49688802880040218400397937924283914095423885622738787765207640038014408805519978067884863415659657365190878688678813412647924278340966083339315864242432514861903057339169455870159688641892977045480
13995586239763478789768458695826608010163538411023088700095708857318033717593101716171170435593059917130005645570155472899857526917738843139567376317745030152309648766088562726091350429438500987304
3941328719456924490267603627536537881808713483273931999141044266407777525783940124432600614726603063392656402697301623001552520352006567788109434368701473632856204699168289359035322219247909629488
1109673626350570534822565444132076459137583977466029861079621551715943521108678728902009385691832959730173497669503479344220942857677249359520509056695298765999667724748902417120610269685911392384
312365644608563374722597743866393742260648665475241449711989445932736757149273969405564879546528541413698982006628987129885129655527699275325415674021916407628760750010825545459291102953170650608
87907092082888531246714937320696228912948114079658038893010116364838834437246823120856620906494465806405278165140362854601704724128393257651408690009442593244898682585758459257429020526255392760
24733682555022478839089738668586615631425661977115982914434942570654528487654241448424214001801400166300823754594416938381790360118500079314192026430235367726744384466071597636195958462105750856
6957155976674012325089461415051135063417902866477402401857343538103074325270219332812405431094357082430195218339684107266643660701836438496495206621799948467719606500069735684877729643745132848
1956424263523696592221212781939476442289715223205904161082919844257607446140976514599393598875418242268813228525550073703047761275825502834830959627168015059574235486457906422590335293714617344
549989233464586230602359314632491873899103980284145550910415920729738221390847912472157693969406715641392006086549743862746507802523654824111933954737330748598928546817215569457605200629091816
154566333392168381027728587308011296558099228147441705478983383303854210155984320362163449494702365760331622683152608503036423653772257695369664092603235624255808499889454369249807898099478912
43422557606037959904042834586064102681913893312027524502063793580406051307501232978229248673159047701349262644482448193851945845601616051363657532148084839033285785637093537334960548723192768
12194556497787870111898308250634536826883548513454507155465651651316980107939649227400408828556178250279357449857615458773983961621938398419469636206146248308373499821402158482836649464052696
3423231359218702473573353154511315057475034616933449744144381221690029864249761053905237479470121445187490091474366561192948899404731237033433820163356270621519864112976707551313492713345216
960588590159425384308279529310875154765621112443498059438593437007372202586207803304796623131907829931929174906478514462135109286622006087518326604611754223304240725714757388315967008730664
269425703409815726821693897475634266465141109149828623363079425274723493831032420733139476152796498027520968189309459389127149118001039483058659974176182366436138257932718925857013473883184
75536020431592935179434968596971839372973373974625309212377060816641777500049380613153579807851839982373445803290665414886565826450410636999108352282044700431566162320987406091722852138152
21166658908924236960221533228563072791581734889862521213013261168937117405264950481268126546675793681699533440480024439143190992619780693399570701560315665849418017176721923087304446983496
5928548994092177595921051261560316500533733030370790963181099058428350091329249192082141832254926028980970894279051638236210713270758348443210904555680053264078944881633619581726163582944
1659634990594471298555718805858538169462038137326611092336632467529784483146120063800087638121467919405802650571066082194187301468725280147685285197836560116208740292840446519444521506432
464367483929544833574360386954939943419496239847244307859966171790738102505936764711707041717005513974178776515005875051177002585058711701280154122594460538751818558700069198136936035888
129857377202406739445414260312636252629824937983355572882050464277724864285459150185102089012064294564348916736904334939747209419358610904000068352757165923848179306090137464118657604680
36294930833565537108827907283220186868570148484184541762992749328813034422587211151445546468840125007990091852088791558674854358871965113818922193255869319877154757877262290506513713680
10138435242763531740837883174691680638561263850843181330148204087293854127952644515844612262413129858756314274900202597858758642168498781272242859419342173143024934707660773558671266392
2830497267915428379263488375509050642657191160620053763672081339589318999559870213976812625895304697445020132033690896356005047597359147780856472755125882055489050557002483326801711592
789755619711119212359365037579338397721997621517600114986580654052515092235647378491448013542653635356595590369815101770098937561287443236079457165111804382850918497456600032156598208
220233819556867839249852389051110615026649240034066691766228692198073615955035980700316799513370477678990960977541802827947085227416149861055252605703774618669572615277238412888401936
61377369495851730170478044096115318260638785752769135987912040452765082432462964346016563328725728244534988113858605908035082480946558540244082365715909650277797917804568767059572216
17095850059145585136713896481681869536692686015367533870696538197516750919361877344393248548665337816701915829925286598062179560535277129008691070258243245287793187049913553323927240
4758863612510753828195685631224228958681587083081898731244509421542618860249484469401494926493857881684656009340895798354920470073019819227400493913607108265123826720109124215382824
1323952373723007618289453766931479321064531384109716952328231262674867665889739498765196445841261043942169324645246867252035665274044944610649635655194715138953633598415350510828416
368103973234267295716841453414574251796378919348860440048293057583745282520107019005827475739374191877946974519532164771593417632006626127644826801342870285434267804726959915279112
102288115137971191188095635837218833959096488262711751621538070591244236982658573730915238074460374878632614022298074382659240247287270049828079691809894296474604331559787734162432
28405940627769885838188733822130477364515348477902624735450998928644117979661780588842512995818442690953239722132476524438405152620584033432841580637184377359145915704660583155136
7884054830179688100156883442566592658113862593568828574982893188850065284743833845703512552960232003528033282709207589660614957922671726235865640670746941644507069953661077576776
2186851144067950017933189450166210860285217425484847143485592236077696312164922696789331595254415900222332652501287791045679814702521833475465385976198055154059841805667525794736
606239279095907242274759654712483774289886032725829892592803433883997495398934615432688836384158511502982833269681268790890260935267600852776729281487813769751178717335543323272
167956071462871153413156218166548530369746072517386876559182321723413843794015645845091635774833467502751395873788766224780633223607134999803633896705082151554834464241819797984
46504854757965985895423694065127016973130474926470868419955324206491333777219599415730686014999691350672754678504960901026953920997737598834382753718427897987157051048511712976
12868323380453242484867418080458193468552569670187111816744953788334028448209730663880366543447338728445974344926046861369135657229453413798559333227783231339817232835190741360
3558683509161795220029747378471025103062621583681815327752205157642619945978402738193309316722818421583001447468110605740265417481089400379309761982215210860636922708965207440
983488163328268943315625192889354726089916186217021590833090546128548191350431756906642318144585605726290793997730357655899677315565662640632702581876930916642485709175271432
271632876317038186585664350630208210167993609988361914305584540493394115010699392042955560223085226105423268467468252495200039025463524986394961665562198347501100104054378240
74971555567282618683687882048152895820660034614939921774469157436893149880111732118042223839177410924922444153708481119253554793489456992580698233100801027999970859770413608
20679124969347296877171764979243893740732951726715482272075846246183638830906937680061114682519369989148609997343819240189237933935055487844137199367147741696572471705687896
5699751466410738483124617270221586854069549421579939054443813449845058516272340172263738791150127006857413370625719591204620483532497136810396974009756867253653956974567432
1569956774131868665690674074816263309254740931863828524595381797239678893791010189611990459841215667907055676725480583813975975944483600764645413843737217476652037975109488
432109623365819005251175603118347882587147735239558511890686302679976602008817643149368885298680582204388257463062202985205350646585433230740147891899260200930052482027616
118848855664565164617955773386466377940657821346235451667680012592392287408527528871222472382155792418486742847496142983142803416510602201155702227189996573401699098992088
32663095856505979970501968214535101419268760245970758627117439540560022666421977252846569786182762371155188565496183839491214699365240432833308739812004144817892733323280
8970193694884406133233435796766359895319656884462836589794913218111070129534143635250401216601090431754418865761002702432505312938354015034824286150434031471965867037168
2461475393825623766566299217428464490211225937224173817038922034206421619512359087264554508450903647114966416945385248880112818569840489313076568863393278822638857494768
674933013256289421405307154585562876998086447413612040253426421083557107518479598582628407674607151447803497251199761431477653661142390846560832377822556735829440506304
184912002935605023118747382172413698817899646989583019267223957326402872913355596294612449877063265161727216115582511049047833378033705708384256113856426171976186797264
50621186239031847765381384027807826867361264551604614266555981437311357214454284879759115096733912011702108922547172475919632622150117994304224631065637711880567485752
13846218529407002183468651058276251488281481655368123752568360487997962325035291779499060387845360592052034916405909721444916429039009486276628187189369354543166306056
3784314421500397676696749304937480649453574828323887127648620037735129784788797146231016078060228044864972502755971475430180101078184723702220399415683357670666150952
1033404112165304458649341581833601434993166131834424849049082080509647098811146054490600166636448746560838851015138027066381802716019543320119145550317507526583598400
281972756823660866113157109975142669514211385567960605720712726378220138451384457298055650071491024745210610158567912593266750535686676628853693659726708561108487760
76872148638591461424397654230882534893928794420524691403470585138820670229932102208823529011903200215024273795500155365887840287463665283962453320655889559626382680
20940399993364720438504449142928546351868776436698599375003646448142401756355430022258649235981963769853699946457676743627739812559002395555365530431636596716734376
5699367405562869078619498762548889180104178802773530167450911269191597813379209405080416194939918828034365452404539810768855438195568573745219989203966614704587472
1549975095791891553089155020710814805081195092352437343607510213354994119172122348623882503868769118684876743780253108874054547894303165503805201123410762183545552
421164398811034811533400135626394115037834430687897324798199460150936824508194489051702752988117611457626057590615350783727348582844324416771205688479720955201648
114351037160135116998830477419901663456431927357033458047585324769854377069074472726103821195690724267666523599274474280784896369452371952931369116673730936860272
31021506199801227651520353351898862231591989680110285840239797302745304452229825489946366700659894400479548423005858237382662902583679704398239679721738239294952
8409183627776317098826185474926389273856034414864623097588680344433711795642520706803117128334699591457656869972479854512204175359761992763250430210274986076872
2277645628018524973224211597169951441850001685046466050161727761914421008432048280029990223178372577661073142717682921307566352444910831270692602448016931714304
616446585350090792740511515990776192226623580835477767677154781192954139862491329523646983553494043830935551645545361687470672708262199796121003645385063676000
166707332910011847921750468684928196444727834569870218242300286090798547478782261990206979110195718346753658622074227409726055074519654674876454040693468188008
45050581856017561567241385354917369967829635989075086852621408581520881153232898994130620692593913047125098152882794912362994907844466014436951074163033695520
12164813097178390974970660467195645578802541832468319881103328104739378807524556916972524385493236063791315337317921759831423148481518374343291788551508905528
3282523099352499684787524247921458535296371740101717453476327994771039055350277239536230280290095824539824743803868753107161174854876183258713950179980512744
885074138754847018137638614604124095349586402601104206867424950850972851789440315768236806026124986433498187934359640322994145246396497291491393220506512304
238484170778976634185689538596997232255467184790626505114790645870142996097402709704049106248188385954273431099602244983240136339922059860866673900637629392
64212444551730804986013275340657624688221637674763407518991463861927900496793216607687598276664815478049715877840634026120004754991036410245731016419096792
17278196025166793684813557851895023210219914748327337798429962697320825751218555742798016271252811585023709283696696319327232831351262172713048276080131096
4645877364579993991662095141207194100027331997927162755962794599779743167957620640838868047733223515729289245441958490648018468066850980001398852766298264
1248439010136365470155145555592481942192893360705771025880752640400711758076126478647126993880096973284850259537649648525104234783840129840637390830996688
335248590850006681591920529508610910652551505762359029698331912843728771878332031194415897166389647630307654302381531169677099787607620573971060237697128
89972098836450455511061037420565741035287212440449908962832546467214236536056690688594686933839166811849902436808069938745217015744490694915092468679712
24130061889866557794502882124990747313728478716312277112590828216734427001438046763508915540959860644613467728447709560688502526311766998076695174959944
6467850710058212409016972646824124109146309582330714980260818456502578533620505079337304829240950219560164938232253170737483259850102005176603633599384
1732526788225714053897803457192277227717652191696222900944413465254231056254578788474772126512049911590582484626841374737573153889933504108045776286080
463831944667777880266408670535486674625063606169702924168473544165157309286731282902360358888752250971879104658878637541209958683480466567643028633944
124098927504014939796338871630297396194057844098091083593309853487160613377460846185487247321995539971424924717081678074380116671464797385641105448112
33185183824641361848072089694525343238460028470642170485671651461104762640654284075389557584684298034299434399606156294535661582457800999937244220216
8868581880378888305565875732395654580642326165448041879538167795643173599439769202377765574736223986390775911617628750318879416056320681776294504408
2368868742684447014392277375092174185121634214876040414475186054470709600673329488291184783374045021603679590456079964344259721454006447270528530152
632365409049429196804114123359584411338396615391397522015944303011796536451396992219286291149657964783215999623056787402847591097210406539587760256
168724530694584446892826453456957717632094081865174432210007168116835394519620262399880455213148694868791795015783213767539827101571927244159488864
44991850883393801202431881392047213339780762519922405810785660833002572080385318842895524141552319877640145087479813208133159633781741646418904224
11991640100276292465867344018297231543924224633641283124959512756733690349719129043438370377742838591519343565382417182771883127317109354209595352
3194284248140277458835061304123978431473349040587249510662419953389151095052316709453668960096925080442819794036158233008295933836817549355274904
850475226986911243435304412916426724345356544529767828817073207141547789369242989983973909586416265391966355568803616068839302061946986386508568
226309798280079692552787291780372384461650103003314924468940543934708044067484226476267652155401802918322129879019928641189561497636526515494416
60192474767552227661778089076481356529528480709174072185899335223525316047468327828899697735478474947284491052998738731515819333651725370802096
16000650815315477891318626845384194842919116110110406873371745492002022727199981839192453876362995307634373594405878398511741198072749370994400
4251401358041124484192185931859101776958984362516113344976406797733263816562493183245375172565646820262056110019277980799525845233482376836088
1128976006367777791062338685212136283235086878265715532029039412008280316279849271607186453986837450882898068013653248773774843557014946669112
299666518620394997876650719184172019683374216206735399454378357900783044566321728912841807231042813621359299612918991335546685096754647506648
79497114325618567431784235917719300097468308445205576839710661121065339402061708812509921279900049972936219074374584385685501847918418203584
21079729407807859406728546753526535728546163342934785712753613133766307526079823734439306003900262379802207590447378353886642198900992158712
5586479522552574983282670036427414903913087251704250990662806751058627650475267380649946735342419627908409275260412962999312845500253684512
1479829165980376923842183571567047323987456786772169545427125825598212335827538527574088069556788077567364744678531284376633559521628590448
391782143944529403609940422585610255387458768464972404086025660808519452299693692171624255222373052091984324633709386845153609369316175360
103675262911917405137192002475799862432900864179722668485134212407713439946893710458941444679718060430421524947270847371111559314433017448
27419762697378161570005064259342090166258513507775126465941746518808207263315412859817131541793816864836598881264420247781736310963896376
7248479392916188809885655003777129347203501473400933901942721780297445418906004518317895497304679785769040977467559195060454672175620856
1915081552107286009023005202354789535875748035973517094212088792362561000715308366605717541757663804455289303777510974074389365102502000
505727944235744775445003351147326425739023264842832042466952080095242278310855307936676390702803961662414313326118985829835397486373952
133475238146816750186813071342802065054684589075618067985317497602674208455815238301816713174354939977356815698743055948631659588410248
35210170370071590971811068628827222527116758109706053428276518322733151550645096210123742437232205501378815863573076307266315670147080
9282990755083277426600496740807634445289292253973833297090784018249563135019624939971974039595943923681238966493034503631965768806976
2446149380801413314464707093452829854754463787636012880359471758635611949880598795819717848444734852242291284362794053073582306314472
644207739610389615567490464029887484177297095665748650270635677458554863201222000759123713455677288126411987330313510771950264171224
169564512416139893872955489858839005288328593863269205621950434085277125934170121322375040630185607433953889945314362998585655631296
44605626522303770119816875886861733492575191331972295569394513752661904486217259141944273409777591138437210109875649766592988944200
11727306154963719610178837160041272413228457009035759482495816662660961462007793258045934911165351010617050642124021335266614062144
3081390120861042061692189041885287024352607899939118009194505767712802625558937790318600183097010576516319563050257193163811064232
809161372513653423718029689046332213912125009531550776066941352176259860588840781475108063160983340902347446556839043332474303696
212353943291851176803216899566600038052764635147896957179130733499045305164998889528531900652784096481789402848420668873892171520
55693953640727314333515812504000993588805240394630915222817671413678955710821609709295492153231560620814457081753945578027054552
14597687752452375752261907283716277454016436176813258871495328964648466757906496585609118379008362138584638850733499942520177976
3823537965384084630458391966857069667201751330545752029305521583420734742810942464745459908663756559519731779090666995282501576
1000848048156432921197429516446350203408215269662418947420954058134889020448108598315100511932063258060185375242410827270692000
261797880601928956430232849957399217285879236213921722399259336195807715745098499704084673692591064433405581674938056878976952
68432758386863013348640701901959176303571491285881275872684482052365762099438341466541642393803507080163634338721220163239384
17874484491338794886333014212142015057985275485848227459438235893992367633423644010638742227280434358563625192329563765232408
4665093433698623622171029589827160720876928695963718335784326538116114498447247760967434550807469390331722491099269524208064
1216541118225565189362447553403970579006023350667033726725499365092564793120912381026626534692870807155799094274447251611992
316964742214308671003992002249612772491479452548837170873226798064909923867442214685637751915428464088176566250585244336176
82511010166601593950961342436338964844418688958206329688383619520648296553933291155139626844256950021773154890258276433984
21459035214322362070157162052050877172770330933677300978041139790304445656440145723462490969307041852215171888755449255640
5575950359169442915998036999381307177388431318863884354339879276105173922276363836062161344330767307073829701039230140144
1447500124771766894684492707076690594533909568094234239738648679823866531369829536367077857206043682223394066526508635648
375429986923303297279243836605322252730287498612392374211761893181651720933807275195085318795672037072994066917826245448
97282163979752560355237060347283199982205967967166313465691737986212866627313688309540031013721595454154494380136117296
25185754483735230948939352692229691663213377394738802284666340684118017295094226603815963204527288753619848231137327600
6514484854750483298421900431693651824762121981674676114090021973109115851790541618373561611749438915780495837052367272
1683589747898117845894448806883843786202549893819934491871745171841913078635783420530122263806221933122726719955350128
434724157371132396301072533698694799759471680367083608553383059247934744492311286166498498398620311795135498125206256
112162031725413591095746872835626583185833114221420279099774804600427100996089901888794524733968277060764818566336376
28915129634474545821134057777739299185749529935295970093955841132053670402003752765305690029461336095540780919946296
7448810094994367893913224347700717888481945095024018821408092237973208358397082989873290951061771544821723732366264
1917468295847402428230192252743149031907181671410784975594420935002278984105380957310394409020933795876657109075352
493272977160195072691334028436633718849386199539918859450285277196007411402524531696586327507047126785757813347312
126812175536094687324742405811594417410089267261884663841144168209998109432860535665671496412448741553897710635376
32582766905705451928608832269823798536347543101753822486682000803187279976229544340601732248795424409683163729760
8366958746906752929094796696362519999610562825080163568857824102266330416443942443876998644686902491980532231184
2147530237385758501377343537876752607557542323903161357599852232447352142953003638296477552867506902558996531912
550935884520771548084345114514566992499382081809833073829948795503617029173246108350525559969779439174964222792
141282952382499598812935565319047687338261773113878264490471412704518888464461340452772665075186751360986069072
36216370287120279057859837472861411599571710011134128975062583595658080632177307758069133515642212374832857160
9280742687363269511504786493373563888807705813012413004633254640923693462875719486384503033022324165431459808
2377495753492924662805159432515838030833537082270907025399783142832449454841505781723733285139512639771895824
608901001480728824306949927866248202644315536719209672511363080402283798001767227035554479008006043194031176
155905812646085481336820908187369089734956016384393218944259882663427077937046334953457704184376685035995584
39911189069502184061469966548682383982517644255575004449505707152039075832100846795729558102661666546369440
10215009214663783981612335363962853212636607410581510232192924588190202268681456835473849199231887199689256
2614058827660466445644949585522560882049484660598621997626929628617854843879554001019390085269881610271496
668840407232503570434847136615550276320604828354123952149803331201648344013421293172897924908171104815152
171110649845086086545821111699888939391413256311702197489297838071162571193579077539719957146591546436256
43769766434239923170004700686614957587502505741674945817308554449354561843580079681076701211298498066944
11194919018913515607757092015396597202455737963101821875204968641513453856647941765685813134408231105808
2862977609375848227127655483845553855900787236601837690143920751905936329066847084598751341034893557680
732095906893410973854863890559206575403076148102620217649495941448829096721064424408916810163310574072
187184579677268209566225429762200128319679523845115222407574948511513759628149935613830747719067825776
47853582959764710666776842017566357430195052163707285734409670366254671502893718337634543601205849328
12232346600044741313911762627208884417443334489352099127570654119737258497294431313063178217576376600
3126377932969736779922506891115683831120311362047217817624826849458613530415792805777733769863402024
798948023693494252992289770160800768875138819431191572245273386789237285036911486999070969372401160
204131966292122974985442420823892495119928742910344220173409880422871247518218907241446704438275144
52148543201778213389148404561772550496911642152514898962881706388872008874415412546526620020193216
13319157629308947559843219439629455054700348221148045189665723018892774112593765814888380741064280
3401270090569714254852352460426884333074164171526417338271358915433701999733473225962818022907248
868320830341593444001006763780632558212156944708319890655777046006087845806271188769314135394624
221636119183645448179310915336631160830666656860992018951738622887689514905057369364493761080424
56553691491216999163813855589956934501991714986343227177238671903045680755797343466531909580376
14427592963256948694201140607746939664463662886281136219276762489582890930692139698499943884144
3679192240167262342269583119338626874190273039527933372852015251319067133555913138284837738992
938029256148246628257085287482829099123085741222478335386801873762798759965911474089603700056
239051354297822862457357621843636726363251352643968817368374208091698002735173699685910143240
60906793116670124499953717173576009865563174515251895407501860118704480058485024676074838064
15510004950483899447162662922127486046584540744043259949127011291477578663604550487606636448
3948700293913011229500970426531773172720927896907500079803987619935124711066669174970039496
1004742983489910648092812920103655810458658029730233148559778504534418878440633883718063016
255594552772874314279407607597944604094284923542647338206529736629994731645663285468961968
64977386412633443897263097523406313590436108567666199420411541732587540826597812215800416
16514677405773527840474060939888352047601617411620183851465631004861552110692907810008096
4194514549329797773711806327674513622568076314210921464135659950973097697606559669010480
1065116908425573857762307754291407187151587754664503175468819040424401135950487143165360
270249751542528547126884638917497697230896162803582295849533786734666135058273279281480
68555918678625546826576595867163952621572365647220771601658703530703228103074501728968
17376824229546759143734332955567297662552993853200075046016687747144588717175347704296
4403750835930836933316251227109572994000362610622829814615842326342555641083842531216
1114963061323346363254126991579176277999542526591207492762173514435252162372842743072
282254000169921279213376335856386767505972156093221935080190038435336203814351349392
71384369358028070558286247184604409016810837311806588593909262681911352854123257920
18052338123110077050042936831734571709784209554305349906345213243892454991662868216
4560101985595600536192343124937736123082560889250905285721543799233554223543230496
1151878911555548950022487264745833310079744103932937878940583566139880190669678336
290639078361285439908850422541904654949154566156692058975321318458212341171857496
73338157968842663223136607442783022696139565563658024265620631549677671988773184
18481280629090082826919692168109937003963618099292643374538119785598162300263784
4657983917863907602342355742049839396173245868049438507317502753360208360265232
1172472301999268644543411455352496177607649293297372827857472956420173215656416
295204877989036704526055884941188521535975094534264772154029708946915107869432
74211796459051882160264576705262019025208630667850453783863854551958696337464
18663308767011717886676984733449493409435160926182284512469629285845258120552
4686592199498882559872595726202968886402627784009191207743759120913576368024
1177504665872615068923869312249009435091765165828100782452962838367677671104
295312654868483696504955514414664603820396329080763773792839856389939487560
74115560283892461367043329518086796247419518625795966049758771318929396376
18569097116380305392334573727315139467005924527896323546350809874640789576
4656647025301137892692511119141148080093586630489173804635406719091315912
1165281615681869146808066233921611270246878525402389067099686066217452080
291938850047622321401620453774678839870041419027477332474607403426778624
72994071476157364793360902193936966515579861089581402381322642351299088
18277156314320549614772052645886937204647029876475669904278910791470600
4564838316536316595807157468932872469418092814262061552698017355409248
1142136868881582453512574474847374158591512529284674403698838643088024
285093938414212179340850134033070058195092432942468540003327518152960
71316833702722205651408645089361260268196964981217919028046882124048
17784633718140036299904432670978905036653391331682995357884238431528
4446807539657771486605377879411619567521519799445616826453943569776
1108708609532061072970324962632020194866579327073162194908695540696
277284061770808894608756649564825432191997084355999713822548162432
69078620368515280300994631014652064411186398815408009076732472008
17273768169956305800248461386432921726660832479767791006579600488
4304364768710391696422562680644756099967737705745194922076125280
1077069976410530005711762633112037592740223869326673559458521976
268171362433004465820091340405425960996354799738074819408199616
67103309361618604870069333220278920218173452799172599249484688
16715763596774027400398792202598621247627850410492829872489784
4186567993264648055446045214447524394100622450653203652960456
1041741801429072931975214490231970622295125737948137708484632
260896391746581845958616758786662776404374970353821914420240
64961797117863815860201090448273362149047814525497653626936
16286595048066857963425403695210154072300942205289025537472
4048588568602866600206066776783514715985833765414458011296
1014764737971072810388516089525911442250309678969056508224
252453515614144269787431567267079001258079970434216240768
63347938952992132380827996885292413792783664677298936000
15721078881140795611015824862531931918514540920961907608
3942631416560023301739390504176964050226723039396853704
979369546486225079437922997907300414193272167507312744
245898599738310156963709929283847544232068458836355712
60868439499323328984203690677269687174190828108787904
15268376790132997856237948406826627928313445907107056
3784127982970554297317128469288284697850017873943840
950399093579462818739044370874540875940892823303856
234411689863171310978045132503776525650819929349472
58795796728006645775639111227557398865926254896072
14527267361585676405123757020610066908959395672296
3648873001927508766952289999159502987629425148256
895733139969011048316685898400753338313570539520
224607893332552407709887050948184026645024982792
55281805217712644501093122783635659363020387824
13885062863705480995224230160896058710879654232
3388266197458666184589945028349386762995274368
849324750461613542307132354247291976774572584
208071327378822232128654707810700363905917392
52261327855787240279813985166990745143319328
12659492289447793527214255425470554595334576
3172430682007957638042634228604257907230392
772992771454453083311711561716660153581936
194180746276481317443672866454695159623104
46617177999228170387141511411371317111968
11681095023527098798724320685941275086568
2828603492117527573593238420913514739056
710815619742989644864568383766688831264
168795115048989073761715601332153240680
42304049766475415537365475503706743992
10172628367012514271553616059652444184
2557809047470640200650795330819027216
599390059723189882226565396494514552
150300326017014499131031610732088288
35862472000749811756527858227262624
9023639459483882823092739157685760
2080670651804343978624488989459176
522170028842775630532488403709328
123546025567269803272303519724088
31104320066537895923874498553896
7031943923383963085080964968512
1766413700817769076737915179432
414248547773684497381749751896
104281666588012860207929807352
23014377787024848609939581280
5784517716903059143276936440
1344738270054987514166937552
337895803517627888616207456
72409338317591016879210840
18184196951529386671965528
4195599709613269597259616
1048380992071717395131208
216728840950069142715552
54181150370862377030136
12449644408386050431536
3070697490659162421576
607372079688829761984
149870936939579338104
34567406459204806224
8294570979014745144
1551948437502778104
370672139867379840
87364296198618624
19806927477390000
3430829235279384
754900497653976
190364716122120
38179094246928
5743424860344
970404465240
307952711352
42877598832
2874900168
-795844872
96862608
-29923344
-17410896
-4696920
G
0
N0
8942383888074243388256892302528900349977195852230442581090927935767877725231708782358597402942039463642751162764
11674234369110041214948752019607283317687650673851062942715299238135643786505566485349527810592193437631124669732
7630637015349147658832545190157147115574415999850660221124698504574767607991522372156091463121549139969368283324
4288498774644202697884765042916849361116125799055252604693820065007198002811976102065931669753987978788614058076
1969176232102086235230363534784377483802879156579459407885873672463611945933310529865073286903210180146242531384
838806827877471351136436070361886460580542875438956236508057171140041835752540357443067597617394904947268835032
324715918790107576474871673874992813093810590438644851073219953678186735638943203854893427043838946591000939356
120485194068338491640092722518412088326094258106871042715005975333958508417228792046153076615280004984089581152
42561721169618182167397258181219215173025528535434237942849298243694345959273622903152231339115738607769589480
14572505865326883718172192596224666840986569416992464683019871438302530079929635317379941841867676211474446924
4849103102647079002184514726814430166760755185876214690523814411710788995219374132027135437423686070547167252
1577694376399384224675482600517838543947539387169225770941196352046606034389882233389748614752724196712231368
502043863710277631004407833151352366228731213657216335446264917079295504228874990055942338366579694954805392
157154315751673235019367349482273528991609536817714485070550902245064130297548613203152700823169370425685592
48357385454919750419129822935336180625518651570926060540983363260616722943400461651555755421617230849360804
14668739984487334985389853438081627696026638501964129049648840553350546309867148261496625788946148214171512
4391448099166148048779034842420696825255860398264086811574181482901674820480959843161435802808759243614420
1299778004543520934944817552889413098352562503778222984382623720851947985227996250580082923445798352495596
380248966018621975870632505979275980838589915846286627274090083423997428676497232012488790295444253943512
110255638864769142611510399259394581882605162001428382583421596151044495233992750815460095811739070953804
31661143969285345448828965064632973406281741410548494284721829255971284621564093308276405703310354805264
9020513773100386189304166072951510579830429790098736509088210209905212749870298802782105679075241388348
2549681249178946778874663169762106465594440057740293311361213862263721199285547846165673116242611113772
715989843945519119700049473478827853267275067286471641896894846003963822510953315645567529971674271112
199617320978799235740977889806696326560688643050787965626726487442097734820984564106935708735530052216
55368950557203852776973934883275831524222183073196204247207730539710730039992863027418291761139069208
15262632404782767515015473492630823751561970718713778439504884813943394924175589618468777847985176908
4188257379711770769966840235609782798525796573107950414552569886580039766960912064764169142097678500
1143390835942983854472102589862651213200122734391111392915717437238313701788217553295107051710719668
311036974291492698516318734568057511305767562031994929364342602981372318218691605802337637467807388
84211440389369129713366082456096582233845092026097523998139985578718968723165706703347195358603112
22740111426637596152364578890928961340056851386319671970721302464058975904437909055005996589581976
6115932154299458814821870554727124739400501764432094998880229078480731425091978047606668751447428
1641602787139663056082790500908566758004298516340583150283289517304903640506248041839348145225224
439135141645199832467919178829743402709981996013739097650164797424144916810069789860920810868216
117318820781482833786186855998254014909902242884061436388977480989557468635176968309900971591220
31249293737520934470503657936087919875260077393542882563558697220736933924443280493216607332820
8320160396823406214491928777490500408669939506288504805726093270750211614202885218673748940412
2209448540071407344225613615708052832933796785038429455589374308846759481163358206972491221844
586770139417784036976169762184729670208654357580823808033506663979362630019531991161794276444
155503545080272387159654486274850973498675339499037966235815684632858833793926616494457871060
41244038443296461238322959097168237272033981531256143392597180952531892754857639673412013668
10917023105306765131216767977742162329825522343895421086955107627436456257056561358674517032
2893628426364019520176111450906860564647187752819310688979277289742373454860234162628731336
765661564229093130455398144407277691925571426484447179305278699008641894999369742034725236
202992392708619480712987086068115634006585705202222604368238188762309348165228990298938556
53724599943791344608381076295427792940305872509449678538535833717026360857040007527115656
14252018258688876504744793486199780568791617086897767850415648519486764168563910553070952
3774625381608161640568094139080985888729705301091125273746361681367666355851335800768312
1002634918849253855666714322399254564829869059154661332114451910341012041271247556424600
265808869002924999012988001263618993926731860628680912761564201446793667193450415057576
70688357012353291191360714635712104195979210747692627511656702205745703164304867157600
18763150587144353823150515296734922869474191153156107851637538856812687522278093069872
4998392792930112309239461080900996238077273100499270650093781938752391728777790202844
1328252445965418695846639387020181406773277298842681444657666149114623549147731819576
354283137284509021737677980829698288224493816870116574455907463830191858588603689160
94259386932190130005975478126953837863701709410578487498026299915247621675069292772
25183529532036567912535195216261178370148230152452472115982406877957775246692319476
6706356595841691705659937613666843328398673982247527919987515383581026519156796332
1793440794430666070158033756447192373353858194681316591276214836045253057898409956
478013965250668155669701097679004781035545720917354559528740174651225946337014092
128012737304981695406007562250984934356840524773463274067727739286052881461951844
34135649281050506139869117421669832529470689321142997562380631347515548439267356
9145806142362375510064361271187827662308277481876016862150560738232169941901324
2440010448747190053982738247364240078832788624731240528718907786465914756349596
654461790770212363054375359219619801436856753197922624531564862383159504644556
174599728767529977999101017423012137320832974499629618823522918684250795865172
46831434714348412819203004558884595974236404329048483553824331714487913243072
12495604965691261502393412419583251480274945948268137336255230731105542733260
3354518867529326245603799362873005220047481940771883218278553309013849120012
894654954289982992647308423495977153552020457677224442935472948261041713716
240081034651220344741176722585438535539213048389325813252273436594504375192
64022663040683677511685460280319721768821072176157754215356678532808755336
17193871072609811086504819002638936528825386026339656475539287101095060292
4581422653571081644048606262013779409441133965086495399692495814043326400
1229513541530294096712885384737722465251861011248399802182526024152271748
327529931979349569329052794840995011277593319386598770522664475383624548
87970083060262386305093832790311063916044094723618549804425435599762916
23408427000250806182643785856760796816983091113891830865419058651057440
6281182225635323469432633480971280241774066360984393429417884986547912
1670903696953791379497458925420350159279624138747432442163997932485708
448781860188275140155124007508314609912277386039180393324367596420136
119218470077208273381120828609644214475824393691921978937252858254692
31982901278273698192593949006910937865066478652226342684291401981132
8494068215967983111742029580964805622696253913998099504824261524472
2281461270933854738775619079126566614210426252499606634124891206892
604895933460484588182384410074659489755968829668899173020099702716
162246152117769007046589112276023973798612761980385330283138345680
43010935597267604777581779816561572423189623757347069402767013716
11554338979394481849479307138111061500114639991966646435620060188
3056820633258148940075264347776608084401196964739113328590243552
819833795359912086090660793584702286684385849494488949102396512
216899210566539252125444172723036241682097883660075029131408412
58286896771560451374287630100368443927238710447553487724286688
15383513730986135468216653364534628216615087521630421352512672
4126158304654536317859029030042282775442273348670821426371912
1089383890166490915401337857865166587883946264515888543827540
292859504594608643710964873573375627672216163819078586009068
77148370228357490284709380182338987577707269721417595575784
20686257870638568485587294778470219499299941649161589204068
5452928503466377640383899812785951941691063289880796484688
1465561579070560527547807881243296251454349758951463057360
385348373749761385357175632161421636646274761590417894968
103137957707915325302857151545574833037005525350111276936
27109093786407204139517811820802500769232595961574607848
7269001602162437762810453965267338190222064950960740168
1902971676875040946895251741979910874362503920867329384
507842441717614268864473345899964399599566663321592780
132904257881647912417586931376349058088716010668339168
35553411383100462196007349581819263906143639195270756
9262402020129576050893670394939595430450779814878344
2465135843885217391377029440018793125650623787820992
642190169009664844343457821666971023766214372493960
171474965976922326449396110567434173244214675365372
44444916691808733223934986187245794510986664391752
11800871880519068901036642897233319730637352466476
3060518014438619569129332861022156876583221649844
816244301438263827812735506379892578511909539712
210481313009126986406872933224008442920972213760
55791207107855573177782399488198814939673205228
14407674259531900327186103809435790982670587444
3841385789673282726734962627271702605801050108
985537293258525220181069363718664226035317684
260956199313599986629899923437367995850470912
67117030011572599804745315325176527637605644
17906063228633457851841837566698379205965376
4570142382525330977029631304843896711006256
1209540748523999623982445605191932510648444
309871498417822688442666266994410962203516
82793898914338698484641933429242231401800
21015988615299933452554436791065436269168
5562148088587196850837961427877016182132
1419389428211466783211781591590684137036
380122287591591539906535062970270764976
95916219048957955828831749975813376320
25393729553449487059745438911959132912
6454220765110206226186219292491893612
1733864165211383119006271673616081200
434619842620011338542106735166389652
115123686426696450994641299514930276
29139006220849559245916346055526304
7858450001843511593938289931662640
1955199665306346015833324093095260
518178750951064301119177339095192
130589295466075840343249186342928
35384573048133612623540627734008
8729676685146271183944235893984
2314445569226695563432707435904
580677129372196331937682597428
158218353082150876110885735480
38662731360603079143950315904
10249601650122435405061445256
2560015783917976858973388072
702049499334106182405066216
169729218060178121061562488
44952263133219542399463492
11179177216198132299392028
3088357875534058865760192
737912038851137102667900
194932673685023413599276
48293325129883655128020
13451123114620654777920
3173896956433219285248
833961601294927848792
206041291354354709880
57896449743118385232
13490869559945168736
3508938347574171300
866248631817056856
245607911683933128
56607659834848104
14453357370967980
3577641335877036
1022775821959020
234288602737428
57863418157308
14448314586660
4154309975928
956513246688
222459853752
56642092296
16281629820
3859838988
803178552
212766672
60311964
15479736
2609004
749556
201576
61032
6324
2280
648
228
24
0
D0
7030325547923955970263915527228343175955225552904711278574847521787288980918424394482586772162879269086935569092152
3960418947261857894240886252453359073775562200043173108478401076636851963412820763028063056550592999289844079054720
2568231942520879377121717397758702909113321889970353679955271652083112350628368295405086560114931090729622971361832
1119399459626722350241683434043732782674691237933639890548200716234969879557370357278911058245046564864669077189316
471157631860509449443477811176841436072675939529646724630706700563540607703111063355382155450499102353563064769430
172971099809967640969813096326138009032778865764076941321820766815052753779963637495688271157251688772951215216520
61313593288192199098535787382481934088016744368955699470230894416760115440394506861569422321712859071412538395870
20325499663862092288056564180479561076824394004414893055298387310731938017468217726414956963606574530361807677216
6589621538201093223558488060014423073607733624338455908153975519106469671070853571945917601124650899065947208144
2066273581440034714104999412559004398439302590265517546629436477661397633032113563914154497268500522150962879348
635789449117888135414480596955740487088237447913031364301473311344425534867490184147000188869202706472348131620
192042000764030267314995231791945909181711349183019439902869812680568458414817822015400408799902318749877986024
57185742129090767414150577413282613406472199638462802817740773120254414348571168240483176228853644129505283936
16773109559752419575810524353875059652058867433259489476964922934852305858533512102935716897783115786071319672
4867944148592546729219563020714971389458462456972260566391705641289917265936960355581275116693672249110190324
1396004775950420423732975212407777161499061179557856876441814884026460996949351432885049285469061192802997720
396428876140111460847644216346948888645512311338215363111749747030687279470843333854794496374042106673860256
111543766270396387167765265401997916575254510833116692433266844865196101637370930092657371938258627160151600
31136652496012008948353539582621597447338914223011164255343259078798243005763255665753867806116224706067938
8618360278493467261991219039146298781495540422724939133483013568465151257733280205457323860584536562114188
2370799420577091101779346248416047953695667888946968809095586852919854349099772274541424637033635558140500
647560689837518087562537891322169193467538303059368640549147817897745034068651965522184121309829439693104
175882672080433300430264583997910764612898906300944373268171983034609194122849649183199576470044024171572
47494156374645057115534777194176972153892998264766644446049716492748740438489452175552440222531298239852
12765205976622246908151656527398547016712373719517758401494184313630564075722264079755331596860831526160
3412540386507466011237004287360266023188364540986888748511942326148011770134304218414516698144668008556
909000597157263238389476188158068672725739202734807586062965969512565923242267457649590383094949516602
241004719367168786172042668088383902565743975514544390378981453711264398530499888214947495866828907580
63692980210428538644644564417517905594817690058847221485879045074313082830622428012324484050654278082
16768543192786649788703392186008270068920230119641661047902439187572685774688539224949515263055223568
4403765285274438860955352479269222308281049422089308570572289520755528826108514414833794435962351228
1152435330399621444990384104624531658698876005629553428667506651354145198604391750577870488920924712
301064367004478088242861202723333451880778407445750631439718333646380855584319700825695044816387982
78416739067135538016010909035562200836081633197066210619146621110037471615808124813913872965129748
20399357491798080787279733748326118887105031498227311001178482600444630525675491820500074255563844
5293725254540149789890660808537570951775187123629319923660518936775211342532357207533930165165828
1372807444646865479848394281854510508302609098222672554707423648699132999139078387519333272711702
355250065878375770524936552026860238528416986652712359574111943258340163187776702110705262262860
91934033357421556484363616613766736985583061879766108394508907841065708903148099669226863192112
23748250699977364877007074504393308755063432963248499249105075615755004631753344932532974229456
6137239510745443367749982757852812368664156736448482990307375325205674033298609238592651673360
1583874138473529944584673353089368195511280396405697992339669516970855464830861841095753978804
409180185230182157906989965607447207225345514801150083831502913172660389393525321848193967320
105572378127193630710577584428149115653831560004663919029304342132528552547189066489033239376
27279466379595609839998852759874355024414965273005784949439703350083264527730089375802095244
7041674950935834198617745614643918764701179336900109947139556676606715548258412816654231452
1821241731658755127243278219082073143887452625291753798369899147108713611096139955706154614
470571939592276922150274137991279607394518574253897257143498747614354719580008626030989624
121860475737002449593260286622378558068075134887486112529799661420734442405894567032093146
31528218978593206646044924118174413973257766349744450742494857476226913020946468117854388
8179405771320567768159205814711815767862993779787974797592331097048964943549747947573840
2119571466082494667103326938480995226555497070564103590444622395391572527625648360705804
550823898305507974344094295865384072755518908459877728685430920818036949120455663971310
142986227684702875253328425222904160203114839452491306472919305839844162667622565134960
37236964926709374305542612903405764590059542343081957114799613015692487529318457765082
9682332557223912378538186186787798168642637897074918253275680931970633911895526995300
2525869913948063468727810680445376532949698240841868580522256039023188236499982873778
657865432243645308194021129864834649392629520819263928853556988238543613171645487436
171959659029545892470728730268185452754583172690286234496010172561447500311004618776
44850579888289462338856240703091982026750848181992811213327148849821105324464587992
11739781815912251388239024748230013810356236673372013040362721162035523529926508340
3065935706376794716649475779692604148203543114460912133287584867026455465347536776
803850924002200527307349077215220410133258790791667450225010335079569283389576148
210133434112817326592715426944229125691182756101588989646108124442950736797393748
55143704572633308621462842149232349536534113494968230111047044498893693657520928
14427455787999411116683788509800123871628322279708789159611203347262189313027768
3790946564205106814191943831667207828536393452211685784343113577157713721985062
992302643631817110432618988272299143281418852637844900892792780999808340068748
260845670791612879810547935232230737729082977439767949025616030496742696575416
68309102272399458150759238508532365621444365455002659701647493199293526445964
17973801035699114081010580122800829898767273329201880281738727537813063689004
4707099531738354804338745740513674710727226457700566435265222431628021980804
1238562574555033999388407535838882099457607222780811547772822995394410005066
324410204207374982182873450119642695965104511928995135494650540085303771072
85427594654496074660169800705142561666343238038818509550448254044078929524
22368807096018842843474047566744330611624423301278045319954244112332263204
5888556877004519193043749297397240312129506389296792197474099349808227344
1541801562122147159566884998451417019955192883304406921192117850890229348
406162678646944541129266589056878593964152366949196066297947524995667172
106284004650519055488643097955483617322944641855702911126198450899877624
27982942695420327269866017232141526019370056099323056163123303136412350
7321264892173316002491816189070906894366333349060678629492785339750936
1928979036504888846390471261860406320424009187994279723142653906640786
504276822334179578047353857479176225083481719077815459781264151364024
132762281054373188052985694196720604993604036817036958609757616769038
34699369328641629657683207377076356134045281218620668341292082454296
9143046657311692828711651054970422718770068542985465732837192303744
2387226305950927613502781627995431850999893615229508316411970913020
628413658083961686185818659739959587434315361860123153177966312500
164043356376303139815058733510623045890674930877565734185249373696
43226814469648340929363831785300655580968880690633035486871891598
11270022901715902337460730442345239621937463244735097698923387684
2966326530711741544844598164506883048822348933099868904275276042
773261218660553473405634233463901346112288965001321354342481492
203784433185705828574556131703959806113144199471491635600744416
53042698192025481889334073652714308591078872111040449232393264
13959734638682030322084920506436996151315562933742923181410782
3633396845505824121642507332235819853112662818853916237530416
957751632491430634989850588396598418723797927946888647307048
248829228678580963479941321005403134060525427395431255457596
65484594276394155059191081743613711817985762544097954069358
17015179041663830498607084801656187178160405100099990141384
4486766507862155725856233212761161538433224124016564111158
1163259443570546515891810617776911619567560576042981748904
306153732892402548483616987364602574588300682656153221344
79401153219055412757833096871128302852132569777962715576
20948731194765338161055821608002235411175088307407556624
5418518235801099184777439843151399920781656623818237240
1426319175022668464636731549403390403035161903903358070
369159543136341562914138155394269409626712992335159800
97470274585902327107468891258507730399797992360772154
25144280753964470730674959123799597888433483487889292
6620723400858124865122412209175601785096247643935924
1709713706580059002739974123690171536760846640777844
451876544129861778665776719869374245106358272867734
116217101898315237315349196069714022747113700058644
30614877554480367112392383838365287354818116897814
7886245821888684049615063874297651373346155711936
2087068579819084519005008605670853849620539780998
534906853313263403479561403617418228348944410180
140998138376231684886888280643857810842137442108
36220805647199260318599444644904459385201419192
9601740287457058875685298942803151681575107756
2451055846171714673821381538895575917603167504
646619635255854493746953406978939913190821314
165605559470717672481599761551487779059921388
43992134607557101162005927014154323170225548
11178045081915597324505475058422653397738244
2952037773804786329247754950276446024097456
753512995445013376225576957862930619133152
200684275237063357583138426078430129147786
50718202089458888090892201916980543465660
13411980694794457915371967231312159008564
3410781905144799916436234182562666032176
911273309171941514038741869169987676544
228858507740904210617727499953589636800
60616988350379716112534011447646018220
15352769884413570251723592496001088156
4117583441110167889673994104166074688
1026505642269798876911374144049399256
272410010613545809646393400877265028
68687785168230754851012188859385164
18506623822945825360097609814996516
4573942456157955322448329888991076
1216550076784700260627140589853916
305269467648644874246741778724808
82698443774151771093610341274278
20232398502624545933282347023576
5395179038501307110051426418408
1346790664801675629905908487496
367193692466981620420409775894
88768566859151781756175333200
23738912384311999294526189664
5893433206554264732203293428
1618791305131992394310345130
385899023698852552623128964
103512964008326058876391740
25553130594728258741184708
7078655526053829788807376
1660114078383693429300588
446634936834694496759814
109640669455095616247448
30661176392611517030652
7056262072064280170880
1903072984033089680724
464771476543316128068
131306533189192982328
29577086147636932428
7985213691205079364
1942265583317911200
554442904666562304
121976441388497376
32862321055598652
7977956138052912
2298815760295908
493575463105224
131842296167370
32072474187852
9297372165312
1953861053640
510649378464
125366880588
36267126924
7546484508
1877243988
471163956
133532364
28416108
6353748
1671792
442266
103044
17970
5208
1200
324
54
ENDPOLY
N0AT1 35853227694788575827287600837097214646449381180095480417052469802246799859332277393852013742799755575126184524084
D0AT1 15413708222312889706475507810459906576910247142817033438305027516921597696781490929702359232562610148300454373664678
