P 998244353
FDEG 1408
GDEG 0
F
543172279
30332934
559524275
48314575
224353534
125640436
587704562
406335283
333937759
985392849
773709983
316497280
953262261
382347768
685942380
359137638
31487294
854016676
327886162
401647475
586672118
171079126
360734278
991745790
810364950
511047418
578787055
187542199
224821120
823643439
402555328
441374579
619752960
283760955
376768044
193725523
926938734
314493436
369973425
384126275
716926930
710216479
164652300
675977117
27415841
599704310
943063905
196787244
262341001
490939880
942510465
632974968
848992082
681886324
857137716
214198017
439822939
27137850
942965836
736485673
166514265
119070281
122812879
926962771
172144354
597770817
533714068
971150377
352658617
352526820
497412985
773251384
422773619
902647060
809026486
700037118
118468840
349775523
43304733
215790393
336032099
617521489
292949788
110351132
824958570
207505922
737091176
813305532
548620112
784812397
332526521
500568363
66004345
345080689
967794399
455615738
127292697
513520945
986868171
751492547
12045824
157859923
49181748
347910627
275803078
907647202
984791593
304208733
813920073
53172822
524812389
762262599
769144381
640049353
365642547
853512544
440023983
654874655
313406210
273070815
720687771
25827765
552669578
185976932
988602999
346791781
797292615
634962610
263027813
684717324
748149005
161292827
443349857
907133506
368073400
255595679
210981531
986558781
116161854
500242171
525623216
724774824
791916833
663512469
905525171
487391088
97172642
618790944
369861668
524887192
113872481
207528711
740726355
235046253
984655649
256189658
429031662
224269293
165496984
462912699
980320363
478238031
197943207
589484039
437010403
828754661
483037676
440550428
445462242
125998996
251170387
677409871
537791483
986678714
146448266
434236766
446158320
469384148
786766415
849749100
746349366
594674162
190987075
572776013
71303926
698114799
13419815
970259420
245518616
314976510
657553231
498276889
751557976
234321671
807800073
846490872
438744035
906674973
473529457
371440498
653517546
796754122
539507600
46420057
291364652
309883670
289910906
709433773
772487989
45197366
639820974
303814334
240926525
766667124
40246843
525143646
711107905
222623572
412596355
494746359
711411185
364833337
92541676
388323336
709700657
610182591
251679933
205867221
984531581
383848741
400729432
20111752
654871734
867617300
538507019
628360576
815694008
536234883
311107807
519455582
560163125
290598084
430246744
115150386
11721122
712133922
334037516
61600631
2658830
424679108
731787824
981387652
971545606
443478077
588538483
558705099
977425710
484400096
440373694
15157753
38271293
713152015
123543890
730679222
709817609
424880104
672529062
983153457
394051995
622847128
569340316
747830993
56984871
888394732
911423938
66779269
106407371
598236705
121056332
557827305
570072108
603912160
744300040
108213547
632839933
65542965
812164905
662920495
154192025
472489597
736010461
419324777
508094524
229360150
830452800
989519932
655848173
521728858
636006668
285909880
965404735
964065286
223359130
434888620
636121086
285396639
662778569
148559795
254125282
113229546
669189421
813552138
623010140
817681904
87979345
22963512
822666632
300138345
746657078
890142849
990216786
128349378
958282878
623340388
673852415
534368417
149565463
666120504
71106804
309941299
198313433
331009361
713543266
102356706
528565307
443690911
386227596
765135885
654475706
347308659
817903261
222427802
739259353
446322556
724700764
513217043
935312874
638423394
984097579
871392949
678677995
72190308
179502697
22866705
14876732
950544361
599467030
516930037
519404144
917761468
99112700
335767330
654826174
262299804
981944347
423856461
600911029
281091209
129881485
838394394
369419096
732776425
413784206
732000325
884096351
762370012
667824365
41606656
342050208
857609333
911408537
346568646
251410920
462987818
922212799
363674886
391817554
664879201
276432347
748724795
875416916
39364280
917947133
34825758
219427960
233602764
53115053
9742353
713331064
344391644
373251424
673738780
427404994
99221272
862068525
744399798
929505933
161995331
686497341
869036787
85154345
216803566
473017171
177343900
22763633
463426164
720727671
153652405
705780471
324668286
86895195
136812723
620431674
985869897
329533924
26743665
439193411
627218053
446894032
193619247
354535223
417696367
564177087
922500591
784353325
38056156
494954894
117066922
11072001
5001159
945929637
281381148
182270281
823747160
341998568
693775921
705766349
953049550
390768592
42636626
875998367
578009257
294973455
386828790
318626918
221173568
410624583
534455587
863666098
815459299
648912944
319130603
970954189
217784331
980672387
660614319
637699831
685154237
730250080
893197997
782827599
575198079
991694689
467725986
747657537
611572922
541567789
455339715
250915901
405485507
925299978
904194318
258266053
971527898
288656237
817103609
992222064
899890073
598784519
549260524
679785435
595901678
637636893
537973930
986712091
407590039
905387263
156783869
335743810
656338788
945690501
505603757
465517564
308839275
247842920
867624242
423403372
90573001
659936954
264216157
62589939
803043976
241969411
832497730
565300555
433015422
870644208
271367854
63807937
101857597
102457392
394410813
682985244
603844402
65406917
272555879
615538095
77178702
80418536
694134916
645173837
763945028
39116508
632497628
350678955
262043362
955747230
272691603
536500448
239084947
853703859
907509730
809602012
1286574
342965741
312056045
454284982
614227656
955040205
138616449
997505986
325501685
465434340
132859026
565792301
15792338
181908473
886025475
605740132
148471343
220612109
276971476
799480662
660317469
741438132
158615423
465033543
736597016
380914498
66774853
495776989
578165645
609345356
903209691
184221247
312340926
20820336
236704297
391867288
700911351
844674122
734278992
978037107
137581008
976280805
26765858
834299948
547922369
84115197
260780959
848305266
314197339
41235408
442009961
37928217
183452809
268867175
354761676
437444821
957715987
769541210
601854422
813277645
580401097
541521269
286868551
917190735
402475835
63938826
903840265
564767414
450689266
406178621
570889092
431680850
921198024
739699685
508723158
941700273
380628062
206491093
22591169
900093672
873767548
873566773
791656959
953487087
801096438
598521257
906455726
605427782
345955862
521731333
956358738
763700411
79342187
309478380
868968597
281093325
629115516
373741998
440149916
742506470
125395171
170887325
245321999
853687884
975189034
80187002
720054449
157896274
418859324
676242398
329629284
858039234
747323636
467100321
536537786
261591422
322674653
404072599
207484222
250266489
933396724
430685570
516776217
578606281
993155031
389442334
21312187
659361844
59665669
195169428
178519334
976250787
172677053
910442287
141670450
786638285
326616138
236056859
361114832
106977436
228169397
313103547
176248915
730178657
338770434
920757341
988896584
527755670
161461105
343570156
996085412
907067532
504626956
661423631
707387807
694507383
761124469
113982612
788199900
122633761
233739679
699680851
820018561
974919132
774943408
525518134
806108887
22493675
334435591
952316088
325389420
487214803
908459383
60564122
958070516
374194310
370234450
973796982
787844053
928674226
314088955
869689805
559063854
276373848
114577555
930852761
614935961
846134946
341991016
84719852
915753498
394757604
924756174
834804677
291562317
923378242
812663371
112189618
821850673
307818106
78210964
663844402
754714871
947921259
922491602
716656066
525880440
898120408
914824305
535855816
902608482
826265765
856528398
419418276
933103455
222873339
733768977
573276510
682310723
514495561
251834412
139080772
330008424
207133267
815480320
510386794
453771204
986717522
87499752
292291571
322203738
305332211
529049281
530149053
947775089
570160927
381095273
339898586
306686995
245736446
883970350
981879506
536434809
111571457
91989537
600400305
623328222
396831815
308798356
376074059
266548248
80971804
314943212
896653015
325971034
547341716
530385153
337835770
868269360
555591279
121756465
436355616
277084317
772961883
148865018
24978520
753769415
951599515
447395441
584116771
826244757
598841357
660299718
723471519
868907895
9098223
438906752
300668842
433642260
387830709
626180164
397066724
758948891
953041489
680756850
517090658
398146641
544998721
676045426
354509026
406909863
750874473
568801084
384561406
130972962
555032820
254132844
412204276
860876322
812159405
239296806
305472325
832580354
348631758
807145897
782677179
862599814
780771418
313156065
281236580
844576434
12364155
958496919
525663128
806219654
262136161
80385547
880501321
563516527
484671151
795632362
701171729
935215983
488894329
776852167
238439669
609001603
558587604
930194163
294223676
302542368
690767326
875674392
456092371
877270622
689322731
157312141
488881188
652815814
259463620
720302644
294484176
53352374
185564483
473990318
77284923
902639154
400208861
521473499
948060975
435014379
739284836
456617322
339424437
636301646
22392437
671613851
137619528
836269266
497705920
562624697
806283946
258474409
976440494
788249560
411514527
507420136
474951542
710701093
281144783
917945482
955407166
253328463
907487821
993792243
930787116
763950685
808772976
773572133
818715219
890765224
959687932
814134605
433275528
808741482
440070297
657058007
803604277
467074224
376988825
469519710
317418818
37208534
692209359
818964694
881230979
73492322
127997779
948938189
27690599
940968782
542269464
92776957
695852470
672092082
528556165
753435962
198245963
766758369
952122422
916948536
495718599
663840928
482991795
713814253
878541991
850728683
659159582
399996197
981225582
927292491
969843
685101571
711076315
825259550
481296224
116185015
910782216
460522803
451044103
118080072
39572714
747543171
521064904
820363280
72322267
795489836
897275873
680217197
691018617
706814678
625371476
747120358
551900781
179971910
404964981
802041514
490440871
890067134
382968077
129979986
219787009
797931812
294629166
912212968
754071984
335050460
487446972
615256172
23495264
989950670
470892302
318620696
980009307
139213894
735785922
212128141
617325900
991425303
468770345
580167905
298562960
695010247
989812655
33389815
854769077
943055725
873657727
28874015
700333887
978406239
606687786
461942781
200170315
515822447
519185725
105748774
502486173
607732449
974347308
102419316
410025261
443905229
315900097
225169039
915185855
532900609
868300203
417834443
731510238
556463209
661345765
616566942
167584574
153015185
545709472
657693813
348398959
837794220
878741223
382376524
308202891
513261424
66413492
674081787
343645372
715990752
284199975
440934327
41591916
380696858
643813415
260103229
951251113
186054737
544012395
269892041
597407703
170887919
191691518
424290094
881716785
907791283
274814131
694298551
613624907
520583640
905802060
570478301
403060092
692032959
717639721
690402268
912970942
373632072
414952803
770540327
951267830
952738654
455162077
106843550
144475990
210480570
731065744
6293818
927716526
35052533
175196738
983602761
704417243
603005600
396919700
824766002
770261962
580480337
822253808
859462228
728749233
793097788
434223749
143408929
397321409
613509019
403735879
910941810
983293367
766012166
89753483
570306157
712261081
81400942
967103791
960605270
292619819
139026514
297108891
236587748
126477206
165486425
416426547
669150547
818222540
45514235
44877713
453334796
990581543
940098945
261460623
235278715
292877806
760879826
419621837
831384850
253400115
990587507
936570184
379705655
506051510
936668131
594217756
857013653
683331747
401750717
385131304
330381636
696244522
530723428
231883884
356128486
635291517
93996234
930465560
449697371
461599497
271054589
737260756
826472042
955587020
895022817
440629878
707690443
511206028
225073752
812104626
1154935
380962449
381335728
133923990
328094628
223126251
56330118
717822285
319418184
926615926
51976634
760530872
994855769
95582619
532566989
485600759
759842035
747364926
709362782
580445835
515379126
984551353
242304455
378454112
47263527
753593152
346663497
386774069
292033483
252608116
643815636
716256369
60405208
943994787
58223524
29543370
717477626
983912391
402628020
266733652
115334720
459003880
461961290
437626321
341187776
684097922
231244149
954527562
63840286
832462662
453900917
674203204
185188009
712642009
967629654
541942805
670147401
333195257
48948149
364980086
892304177
80434559
968769352
732051992
713114900
174326692
71855000
797098083
124134425
378762680
467933055
298740099
514202315
961308606
89279139
351759131
733721726
657421459
963347827
95067856
613417433
27705504
949852019
809879222
394998409
655536397
417080216
122352797
24757503
81026640
220180386
126396140
677432118
342943064
444177306
115356161
560849763
905278086
762591804
792442991
745949033
78162259
396314469
452214285
298757788
389937630
74598430
700964870
98170990
794249103
550803194
919978920
374436731
753409521
380626983
238509042
422806025
681071994
281190612
754869416
71172622
899207674
649371038
990513516
878579833
823702792
393123652
339027279
129105052
270062739
172681525
804172815
198173305
454359950
554875085
391263166
304694537
144427883
719240028
376075471
514612254
346559988
119290182
309732515
331749189
671409420
63039216
684688517
851574683
379614333
126491447
206770601
557705724
933141885
840356088
67892223
296897156
613165020
740931287
361587112
654221359
512721273
536207777
756867840
951962806
572010366
70257488
821946727
995656228
142846300
505382180
812784439
50860287
49806298
295031303
977699999
184704808
239191123
581273020
921313909
382383866
623999302
148738520
92478479
347388529
814268587
586163597
671597034
438092243
472032654
14408026
684052363
68865279
338482529
49737809
723341135
113283067
510155707
938833523
144310620
283638778
756574384
133587767
568765276
561089203
563343082
607327014
686878715
446899962
188064184
433471280
860709281
650003817
214571159
454965691
914256065
666807052
350773130
497934827
745255403
75654575
937271253
829108966
58570760
829149127
404694144
85236624
16708680
2904336
427680
48600
3888
G
0
N0
386389492
823261513
200455300
364032015
197799836
585611528
734109046
903354185
167425355
725855088
504079997
181586337
942245555
443870252
856383445
817084624
863413341
682012961
133214702
231259711
363067164
420954623
632647262
237813850
595648442
391674831
904957867
577680755
151562132
791512280
986394392
954349420
250262849
232425085
460275945
644927501
801471262
842766018
96793564
450344472
62556014
541918292
55307363
897395809
485969738
443308208
947955867
669364557
492378845
583526361
654920340
57920215
630337419
182330220
853809191
244665486
751982412
322248677
552596119
506326884
693368375
637387755
487809102
192534792
961870859
71421892
120843164
590300606
196080770
924522531
676224248
656924937
421895531
606903450
572478845
563717272
138155754
570595413
385609651
345611673
518835912
282428029
783215976
342539487
78670548
967633383
325909794
903583374
35286357
217362544
197014912
719692894
714115130
710665952
935951717
834636897
440685129
328690320
256220833
314960845
527418520
487521025
949041837
878543495
111192214
384003683
139189986
818278251
176247624
104642545
968698018
673536814
941186476
658251147
328026937
912905285
11146580
505562945
615756723
740141670
922988700
790018790
557185107
642399299
532327371
226908042
398756681
993371203
682966024
408601783
933089735
235887229
568782460
13528807
130976582
137434917
260860574
640285256
675536265
233521834
552127520
230650854
720430785
926650032
52490262
418428343
165016476
585255657
288723903
797320122
44548645
186821970
171240301
200788279
989279857
389950382
603450149
578017974
614202970
708376812
161263327
613476470
377133739
745899874
137838352
963251513
325916866
475293050
942215454
280352879
594052515
434639993
452474412
555788850
205155575
227902126
372214633
176272087
897822661
987349522
859437654
242940526
510025323
823308429
246067698
334306839
835682460
84684720
483004649
315186528
404607221
78568242
563870879
726144153
534256196
415498065
785079605
61342897
903221212
76921220
316907814
812427432
706841737
205498303
369718876
793624460
4161749
990149312
743551987
3313490
780550184
559990151
171984053
457362282
429398791
491194268
40349236
185969732
313755696
1176255
792019753
262038782
259020660
82167285
335806005
95215831
647149185
170074538
214524426
200341673
278565526
513968264
692104647
907771736
369983925
506824481
661389572
468231510
377741916
96017748
488582775
828182268
341487696
859931008
746997025
877804241
117484765
109493625
484201797
703915848
763393872
971855900
970842656
891322088
905993044
413881650
353600986
891737370
183225061
63386401
504344101
683403991
336509259
472329584
26985369
293378062
623789979
513330823
413893193
11002278
271926228
791462813
104776136
138521719
152363697
865191214
493528010
525653456
83655266
149765943
926714375
161370234
308574787
12411440
211799748
473688429
649412278
977222526
851116547
473925375
272994920
42664931
261684219
822175288
838436984
205989090
673757535
208908261
458321046
746250020
510724044
641486316
646319749
69161018
151343798
637429956
247263989
652957074
13682387
557452106
334863654
904336226
882634707
363233987
874911637
959770589
744836899
270396534
768672453
606576717
874329402
705561558
836765543
892523560
668897911
52647723
446072053
241820992
371283583
662149507
661019606
652945309
342369028
934388193
37948502
397794047
622099413
687737521
197325521
853014145
649076097
327675112
249034786
665820490
626281021
529675416
256603825
406615958
389904695
338470434
634889433
850021455
269826247
601679858
379718179
664891270
559684633
186873489
123185047
680615698
233549284
715384159
513277255
83889626
20945753
331057487
216696522
451677555
912723840
13996825
242788279
351105760
30069164
87289736
247733168
471564190
556492491
471261986
43374774
806347647
660892851
468561319
955271078
328233544
268942057
129495597
221955773
644763421
170467320
917413735
726468827
541650844
169833398
365695003
280881676
484835219
520465342
824370611
844855533
829523981
428796554
446372209
457436905
237988677
880048102
125656783
163938457
803230545
860119814
182071968
22652168
865553651
282748074
305819739
897219469
294947578
136294219
296539590
646559885
943366783
866573933
147123401
338032076
561741254
622373132
895452435
164136688
726983560
569054839
893331475
188701817
877003015
405923203
631023813
725658642
967868552
318001260
316453404
182149324
426017385
630053485
590731441
895849207
546526601
566706093
336643152
70050884
382676506
57202523
737449364
989006744
152632805
617454882
321468723
980665587
114861371
417249374
813705541
136192063
947565611
507158802
692725315
490497361
470527122
689520821
527123431
72005501
47545460
270415035
886045143
622234432
31918391
593643615
263156193
108819107
841973322
695351113
769333221
710587981
188517700
18839764
419040561
95215675
86220420
890260421
386741572
714184174
570008640
874543021
901299021
371516246
633494946
55356466
979211370
206534597
520952404
93257460
409574823
699381785
891638201
178315836
439888
384082722
314274446
741417822
115213434
454585132
350068483
4872665
576086277
426277961
158282363
380200246
237030408
639469627
459983435
390121135
387750402
145843080
675155653
575613496
290872255
27258356
367956076
393769721
866754659
677080015
942697954
722455823
325098985
623442894
327677139
110740707
896226087
363415328
655071042
606231697
363519491
659953721
22687778
492160510
115646185
948102996
583405265
380837787
954275791
426392588
909866126
62810441
747873829
64781542
348167876
824940228
594563842
177622717
394594742
38379921
392878370
307624680
872788966
138999733
779854125
943021562
994409847
675894768
983021794
60925363
119144779
812752979
293388621
847950918
820307058
987549182
243288286
832025914
98693112
297236497
60372533
182956226
753872746
144278205
613935866
894867064
321309843
169656525
923010284
101024959
879751638
401834187
104106155
753345093
816891972
375391344
581350231
962839403
918606606
405561718
591585594
891333423
941949948
201594200
5932044
141776149
287281150
167145856
731131454
790331561
106252933
463084426
360672967
264927186
393918218
947971690
800366028
872991527
827273049
722950911
463969272
804006355
255520473
27645628
82484986
337475198
599995744
316785878
238843194
926322483
930843607
639130514
63699328
429583414
361429851
4064516
953732291
623789673
614589519
478641605
244123486
741861692
830777509
274452326
949119294
752534009
357154714
946120018
607631152
315688723
778861547
575133464
988913275
351031846
9366979
880781929
699335341
311443242
100329386
865304753
21459765
636974869
996973723
788887296
168435745
660166921
922093379
132121499
953987070
636206245
198748157
564261967
660492009
214916550
708926492
374504913
894455453
821025124
758625584
315476901
326668703
165843537
994018865
864840032
46340465
943197211
645377105
493932872
334813262
467412509
131177964
704988044
576965125
518565605
563359819
441036066
123851556
33821796
8980284
2268810
573372
149340
40320
11220
2850
612
102
12
0
D0
886563139
618144908
908886014
566642182
611464794
308171928
759048831
106004436
185758855
294647377
513940249
109284595
925120946
916767861
903332040
936822693
508935986
221209683
760622701
579714057
894475575
833018429
983335081
952808775
37252011
422112104
62607712
747529093
246983587
678290829
773000412
945196551
874667445
910374844
662711022
661724989
169581082
682041652
69662648
49607666
831066577
584300087
239102853
373403070
41833866
75355859
856888177
724716953
830142297
649240643
342540828
208593000
882106878
957917092
461718316
87557072
932229516
236973647
698947843
718071790
662184686
97692812
764298483
246027650
466114404
860350785
329555010
285917663
300691660
759949523
395189031
334332078
737135848
899528291
393162064
914413564
540136907
161333186
388320507
243811523
13599107
240493458
363229142
58577039
801908755
771627276
553717495
703386470
306576923
953667252
253597615
672026427
573232136
407748984
225060727
302406553
597723277
376858250
375962255
402108471
75117618
311983591
220922849
538812620
477793977
913210404
85946420
713063649
748020412
371812821
103162170
189919402
249735470
432208156
979305659
849781720
494969051
182108589
494261580
830043115
259803566
169371481
507986220
872574713
65315632
274384564
353797910
268028424
775216996
935615853
215620529
953329851
386466074
40224615
599826303
466054287
535799732
715771504
190434134
345795819
842535260
37863192
99708502
766173035
732723423
225093381
455737047
361538821
716463542
349523165
458340337
36544730
820439523
739196654
269511865
61283330
736156464
941287841
126216307
278503785
378660360
670146118
405043098
942835664
2379869
86809570
28829391
370188390
861947256
472165430
96000492
592411089
535018701
20085571
508602916
213700627
955870535
812667376
797398906
124107598
331009684
182578829
155724583
20971850
753528932
297053105
89900914
787403155
645624431
202982717
165796301
242875426
488400164
504514355
106190927
870918172
943659085
696022572
707720897
665284695
185155730
887818120
850866817
994708962
161578954
504973714
454427318
354624432
720974707
24854167
474325284
622371447
697724687
113569478
918690916
261184257
552974289
132985987
588849911
660564097
227094891
74610120
811741750
769497370
120234326
501822319
736974135
638246105
374339791
540757575
907707518
77605962
269452142
871690128
171669213
978725494
939042894
639817639
500287836
367579214
617446172
650513910
359936575
508385912
12293599
518354665
963982257
153337490
313962115
540174074
380409547
762961626
387657020
903211133
629079858
769809238
356966909
596502063
988671732
675009157
317062001
198595467
665639555
882657083
821660285
388470407
176790035
698840638
790143014
965095534
733987239
385401055
534670288
971561293
210625889
489190889
410826110
887098031
374471098
613119430
913820995
441981532
721015248
822853426
828916246
48404761
825045317
418936431
540028534
344628129
192822455
72373697
654582701
629856363
820426667
832804521
93562917
871766109
550433992
77417074
242551271
441029140
351420521
375968753
147593507
918248945
917044333
188034116
653471552
851863816
36898059
344658807
636462685
506227257
714581773
357237604
519850614
822942751
623821845
202251447
755122343
356166539
984399258
795900804
918873447
521854737
397401831
625725433
512735425
628715056
498971822
171479252
194288097
670430678
581090069
107325663
830519003
421010502
261709614
400704543
784461758
545715356
253689543
32605244
925017109
966588700
888638147
360860629
878903021
603342430
382566775
569318163
56340935
464424675
289580889
600420635
776617400
520639450
12385729
252659634
231672167
184583944
729798116
812835272
420590698
840043281
953971081
394855356
2954396
916985874
81024452
816039572
780723242
686563595
279200271
866188292
466538443
197551906
690336551
348326029
994200133
92788027
294059222
984692221
919841604
484622034
307325297
216542662
927952979
160258312
178871578
72740379
217293951
26757046
21219519
988467566
591810244
330465424
826345147
3540341
915941053
610375395
770402450
995048652
457849043
81471579
269052416
757866244
724373970
759270904
331552729
751507472
708884469
596303173
246109115
759363934
994158877
591538223
496731366
737493807
684279050
500189824
232478512
45865355
786650386
469947757
982828000
606287706
591997651
555055656
21530729
314449153
745437438
750027007
83501219
830836614
627401266
407883394
460852360
380338382
177910470
569196601
448100188
718068101
534800033
234236229
635880441
722153486
170049667
816008583
184616423
39994636
626028728
909484275
149097678
753650247
935649890
179175978
14900002
967724396
210583688
195675384
906131860
289538685
956618765
384955945
499525388
701062215
792219193
691153618
503357128
257784838
262192288
708234556
850818126
577714413
668699767
931729922
584280047
764608450
402770264
18708299
419909837
213025131
193774904
562222606
604730048
56210365
300851119
389772748
246172680
255091782
217435070
419734676
405713390
588356308
675987117
173262568
758374481
982350566
361334741
688492825
580396508
924546691
735305333
168355073
562798294
857521155
242113060
434510171
208677389
914668848
220005820
946540201
656798412
135055792
842958320
344915068
837367129
1307150
404971009
286909312
730726258
456378109
616184845
101288827
615552896
400080938
96456496
216052550
756087893
648248078
994280702
819263948
616936633
965946441
633299083
122585233
893805272
126553189
53235199
941679972
173998620
708995991
636853332
212117674
750261165
110136975
514556015
15712346
890900344
452422582
930609721
951865985
160338814
143624622
683974878
423843172
107787807
855488478
346085494
655595882
667575699
522627672
149797389
231348641
99514700
400315443
253365454
383620318
701876180
165221421
337227542
769838830
50249615
655780269
464333394
128821964
91430693
689316039
235412922
335685179
743664703
251287342
353563378
370999260
86710087
478097220
685199940
190895246
566927504
543302698
489034390
431257163
418418876
324383975
700939227
361496929
44835496
270831699
551489711
469934486
283053435
196033750
782291288
612117135
379832888
42394926
549324160
227721946
672192666
309568026
739354102
901538507
240569493
893924090
123413012
786679129
27123713
715712607
919083152
425741552
862117660
387859714
913845790
495591999
62119048
915309577
960595187
796098608
837907765
300456983
174269533
537669593
147883876
623524607
697014135
301334895
990655960
720289110
331226643
235473099
236338440
821824037
420170246
369765122
318957984
274966833
920879016
907488110
317927952
642440903
324865874
73103360
248859369
971584326
891903285
643667261
667839072
276067072
110518001
153670269
909592671
506799395
90248744
625455157
932301931
894468757
874412879
740279443
693228239
18782860
687673591
98418379
635277468
142759751
962801840
437704738
562602517
283394722
618710818
386798973
913806319
34274152
457380853
465384590
223194055
586844618
882920780
535641613
536320031
251478344
347528066
655516890
184793862
50229072
13450230
3301272
857796
213870
59058
16242
4200
828
156
12
END
