P 1004535809
FDEG 1408
GDEG 0
F
315977784
439351288
579280630
755980519
389239502
328999227
608253414
218496016
739343528
710727947
259387173
71077786
828589591
431262241
788482290
747657496
312979366
947466419
739810507
795516835
497997641
267248753
381845252
335754588
54634640
877635604
209331600
298952049
207337202
490342292
6696520
382771911
657961784
563658806
218422918
258601155
621198515
291282814
576696221
112683223
330368576
993264507
882815800
429095405
798133220
658051302
431672205
604503196
52716241
766094519
889129282
292246236
234862546
789172588
656924536
811970431
962293351
258984165
335231802
515896760
709233603
800029613
263850556
767896333
544299741
23403535
945669904
658178539
167056902
674668259
208637632
755101922
547427126
685929929
234946843
554377115
576295717
963694655
957655372
951984830
89496762
300121552
502647397
408529212
561621453
387270371
391260406
905865914
472257349
188521130
571777634
931352653
286779967
932362804
387803726
700207873
925904856
532176073
220926396
977882217
925179613
940065714
580048403
919050331
597448533
75990448
810395724
27369653
372447082
807804463
163925184
123681246
186314954
776521593
676964772
780310141
856364017
819965282
131098848
822984552
663557226
30077203
29703751
252029067
280565875
511250136
664214134
921059276
282496810
238028056
582804782
511952781
849830797
504219483
809359392
332330819
323617439
281156630
522610649
740085641
683854985
598551723
799769894
665303381
384632757
297575368
28075172
426721344
631688019
291313667
542788172
358239583
780326329
387002738
180917185
791718238
858783346
963328087
708818717
611432408
893796991
433732245
975225998
515758417
500813138
285986201
551500462
744243424
522053564
276554595
135968540
329446131
117193786
365728595
401275980
486556810
166673065
478398230
579792678
27634443
655132729
99570271
748608833
935729634
639148241
618380987
126367851
750547960
1002789933
711392293
367180334
556650661
743507235
884489263
231788053
697477616
780154548
517941141
952802509
781121113
1970318
799696778
805499902
666103253
374900403
853465568
399732646
569237248
244331318
146716692
286050577
27585073
902589401
507237069
565774639
278430407
166553092
797830341
628755983
540939712
436305616
868496740
712930873
334951840
888423308
696677332
906221882
381389194
475157768
557719395
843830583
742468158
346653212
281453833
578294183
495887169
696061128
334823312
944051238
534814998
652922147
116346144
978952826
352873747
78250672
148200802
875732279
687968787
476941373
332224581
505171173
432857694
917815149
476523637
410886395
465336225
29124419
205431815
756985776
902487719
959433951
341968837
316926350
378604546
153433284
456543442
55435568
398382
302734361
580669192
94949976
91328810
483379317
234224699
971893335
784779417
275185230
934011747
705379375
425861354
185856165
389754284
917112699
219281893
872029600
199562271
556815778
480768720
510544972
382628866
919225094
641771194
217315353
287249382
825994119
673826067
562291817
495916777
377416424
137810052
407131742
384747711
165410760
785775432
681390515
968966328
947941379
495331905
629158043
789243551
456818422
922547131
57805054
278802886
500723095
180745443
187717045
428411681
31877155
986218595
280780245
708179054
452463304
74944222
64428150
894479817
550631441
447808696
839378692
673456199
259183034
522787377
969115930
837902079
78304985
909845300
125474516
822700909
894836611
903562561
216143274
845176823
221957184
701721016
810051249
195312804
763927438
389596076
554164778
683894415
888672307
28628200
117703614
729944035
469077542
328650568
679465393
994589018
657961521
332082946
724413457
613962981
456516937
130676612
735548130
995968616
738445732
271090177
669088580
752896529
152394178
749241961
69654679
363085942
558070940
351131152
392559648
35884429
81531184
528876813
673927018
400178487
104746340
135296500
791046577
212273084
393217774
857693518
49571827
700872685
925740473
890632952
233710891
894881188
357269239
329050269
667687383
620533716
401917608
890639631
154668732
218113555
609987320
919086901
884800244
783450049
771475513
10071073
870599915
175300145
985471948
88610876
341732785
843090223
487632485
382928208
761266099
839150932
979311426
74296224
116774447
1001919287
960058677
990727071
30739965
12998952
983685112
225863464
930712417
942522553
349528451
697229943
624335567
24488936
644287864
580073350
854401772
202410954
328590168
470794655
119227551
657338577
91574975
407423469
759957428
249712435
415567092
704909347
541861219
890289164
486578021
511104329
211430299
159266808
41154293
142598719
795172498
842866479
417509943
946455290
642475044
648234856
901815093
147037299
992370129
29787582
689709700
847228830
697394653
382439875
57575156
83799230
780378662
184737840
134477692
75083112
247737978
801597052
994718996
958856990
305033964
597391600
236752594
962792587
662451770
357367054
166178379
256552012
929871799
105568669
1000093817
2983661
905855431
263288582
818312733
916080278
266361392
62284800
860705323
261424068
9247289
995862299
102804410
443633317
826744262
1000928851
987947110
931481729
662534850
49858751
898308427
709446978
430742249
887854635
515049650
929495338
369421008
491227781
843273934
705333347
351675616
380242808
980955769
377755097
438127906
559180754
527123704
599542055
813978748
432208955
689547964
574563886
423146452
260729138
174352774
874323537
852514696
734086747
328237566
463068518
968158723
269848249
726174438
579420464
909721839
368281451
488938900
588081992
274648110
569734915
408582065
887063814
908089876
265137833
326149911
781848762
190646194
344373024
991611495
98528073
724878504
685355320
704294403
514981491
134292052
245704460
158516650
702983813
943399446
582235775
943880126
938226355
80163048
964691211
146922130
903682100
844387269
169717562
935443738
564330081
258374447
446954247
485450478
541008977
447143221
87479231
466181344
118545038
940517823
67979540
16292894
665555970
548477848
32989129
660685345
878663238
450369908
414108650
98885447
910291079
954518045
726507165
459966143
155950102
171514377
389423211
970630475
773099570
457077743
386696234
163890878
571198554
444149817
740857233
141752459
224517121
49623943
475346204
183317034
926510128
265632835
38003820
194505489
643619985
624200295
408574989
444101052
155543684
241642466
216057141
677248938
6852631
993055759
514078966
859178415
982870980
720931167
130874865
591245610
409990487
627976889
453564708
292556531
474643732
190989914
512875560
981557538
401376001
627404189
295511216
969793584
504874042
102420389
269124284
819135242
806437221
581860429
573289670
721742658
93621852
844604279
72778281
95849551
212015355
777078686
340970374
102883092
593173351
993921276
883077606
708068755
316043303
430131701
131304772
704095017
254231371
200174591
735916960
171026423
227225834
310133152
792130160
329206613
163055763
976611982
783474994
314751573
272691316
32804349
608126362
868362542
554144497
452789181
923736416
347397840
688787145
780576324
428043326
774256684
196014423
193537961
240013902
5793538
573481450
507153745
77806803
960141552
842027555
930186409
112111391
497641447
799804514
500579284
269768524
804442430
334242654
361293155
6602953
687859037
393409237
483299179
739845126
997503490
607883915
166679959
582649346
794895134
788299109
975188048
665105248
637820336
766813370
530259585
235490793
945586077
249374830
538796083
562541507
748575788
45992771
921552698
852056047
543741034
29818221
630566231
65237391
660782942
478353926
705903275
201320597
509629507
851804208
248443701
458789913
577209506
512315101
231432449
916137528
1002942308
995170608
398751968
99310045
926185751
516962235
111198703
824136640
79919474
735793122
424806977
378311857
417771805
22610826
183048841
876542600
565717879
488219740
248404759
256402054
819921396
668291481
725774929
570999401
206138632
565895838
505896713
376279394
842763112
95067953
548624957
192891335
614970666
923017090
213837848
384307554
67371182
182066603
203712435
804616790
866300432
789754193
239449587
764258174
500523802
888137786
6458830
152457430
692710798
652018051
704420019
280505631
988927137
554284233
846313648
431656944
699952636
350298319
881475839
1001526451
546046478
223083739
965708979
687684687
423292873
58857155
430547486
947479012
75789153
723325494
495427713
29464454
236507248
966371647
722535097
532179883
887443553
181748172
631422193
539996754
254970918
885987492
854000369
73379769
24036794
905633037
103066133
991526937
803197846
567518990
110325448
218537229
786419699
583295717
429528480
677567096
601110105
144968644
184395483
436059082
284808780
285175000
517825869
669474344
255102938
591027094
234026401
651150636
670102808
140355670
315970494
901585181
72219516
705356844
879430510
238336801
18582225
139015332
370543772
723569315
137477408
40340608
686512091
203717205
730504259
702306877
82776266
613564162
817599554
49183604
106870929
60729339
879696900
638428976
270629866
957616695
212397922
142613126
263031771
751770952
711783286
561921142
434439931
800092450
299572957
710692984
758676503
205117278
692153522
904289961
432240307
62741514
404331518
822487092
871089222
154784551
729404324
434704408
855129188
52323132
169052748
391814489
415694801
552587591
790674314
791410995
361440004
250923111
186568508
550267021
991826534
770885357
281224061
643902331
105043973
643085411
479597562
841878038
720237849
689197355
365491623
743022380
645811689
891637375
144786098
895400475
623132431
221250623
128147631
266977043
91572216
264297909
247021954
639794318
270038085
576589000
295170249
233733655
943627107
673589424
33587588
843747021
76918988
527695535
346492778
656815314
319089388
367510223
848142494
236751385
681340740
792070107
789037411
991409741
771065508
388570798
454787130
868591789
376127233
267121326
344465960
443407469
287753385
638854878
207725527
480789361
554672631
709320339
725161167
623642667
180824735
901433225
526197156
763762421
254416856
329635270
922253401
771095326
558126348
298282266
943214502
28204638
509820079
987292563
518965483
110505389
418813182
879249328
283343960
933818869
323665033
39714619
245251355
224710187
280792882
581188866
230469740
769650206
361710903
877546414
203148454
547094159
66414732
925686846
238821507
248215587
386779066
858394611
376580152
800678325
921763172
926929313
339088958
621519024
449727912
664673759
473181316
502505813
170847541
157202170
703972205
255249508
24390927
914005730
769605213
106707743
330825998
74495045
446785523
219550503
648711810
70282264
523021443
82029374
148359027
48242108
537201707
970110761
632200911
414469812
277251849
187468360
209347140
824013342
638311709
330485479
462501879
140660254
500287664
659485985
367069538
554552745
198295164
910061467
711519919
958445232
673412703
548225614
269348479
729667823
147742994
681561206
16183075
718211927
301383603
585700553
134978615
648819884
160253268
229194709
150822769
34668566
73252664
777370453
857643373
584039332
967458954
431381002
874791698
227463964
431072150
355054372
887518278
978426937
675205760
446000281
833737899
256707517
916951467
541338220
604572614
403405552
959343307
158354948
400227143
557990374
842306840
339979193
855798061
344750040
965141531
537970384
332639948
124777023
410502050
539926178
565899981
221562362
787707416
760539132
238991280
540646237
634634633
719747397
467119465
783333422
607685346
452189447
155840999
574874043
988809365
378907627
629700937
849366016
762927365
983197865
923857099
665411768
582496056
677854045
17078117
625686245
254071572
537637234
791803208
405201586
162793587
988602893
249235955
502135328
208547991
373686512
630551868
674594018
731482906
306215781
634113626
905787992
775663582
701754146
829534457
907361382
791765823
907920452
918785537
886206690
249893004
262979570
289519554
2386296
927999255
989999900
824209581
346130728
498975627
310439323
704007978
377253571
967594510
702972447
823170719
384802336
790031328
61082239
37978471
601074499
696825429
432900036
310577229
875400511
400376165
140309145
24055752
973476447
828594855
166370135
854158204
828570449
281743437
393269945
688498847
715662260
197812733
911241325
469575222
771709057
949360824
784875351
340477910
882692623
215588559
142099675
485720144
664021686
904314875
665460295
780232677
252423269
202336309
567653321
784925040
708399063
163626041
48523417
835894045
183591676
591554489
511149343
127092129
297748686
529710004
444267176
817006266
357667330
827906790
543235154
756423135
507722697
948540265
821818731
318581783
417826089
763770387
403348578
383038673
566853206
196855353
260410954
165794077
857395645
13309431
410787568
975125050
259937990
784233020
762352293
363812269
652553753
744335574
16148845
410991778
800768510
586198831
979174905
651685927
310940113
399672180
8038913
343328752
892230433
558038970
660017623
417119374
761184104
203040055
874653452
228816165
361655755
318968039
285809394
758027769
1001884308
924965264
391674650
345777274
953618463
617471003
330606979
677414864
374039058
204156112
718163563
381556518
26074163
996858144
690720494
307982129
556728695
172680571
675123805
419661319
676791381
188527329
309401473
690094753
169508523
665177811
272063944
662271259
895290201
514950598
171277579
982480473
26923948
76797493
912239871
849855378
74481408
5480639
657465031
291149735
681250818
433116450
133915849
973829510
31358294
148588307
481523872
876540838
128322726
581975144
899852841
632183419
687969299
624406873
850080771
490051722
584330604
8674956
215235773
667513821
353060131
951917425
916232799
44170476
845464820
734699912
777727465
464914944
738959312
142636487
188811712
951009311
96505040
195833605
78565977
725833366
41314355
567586434
71552476
664196985
850326602
492612410
299311395
571373521
302009617
477941914
393100231
387758294
99074315
545741057
949220400
250426813
534252237
417580529
651507363
98955255
972016672
378995322
927084734
454640118
981562550
761983319
715027160
519995304
587116262
338190470
885908011
931901947
211969459
12427221
615199462
8239112
822857671
404694144
85236624
16708680
2904336
427680
48600
3888
G
0
N0
520377564
803669434
357979030
141427104
162205191
199971044
523941257
737219941
829719966
985580440
600155961
863307884
444634508
714333809
479324036
105672784
938652814
785618187
567717304
267540192
203790255
48824710
565514415
253689672
434587497
257938148
212659462
130306337
110045956
286370172
925740678
875782628
968236318
4738600
684918977
317046359
954396113
692581405
683447770
664516498
322699707
143508874
964966764
360452435
913432868
699405671
953197278
683369957
780157432
577953552
523550946
683101494
373437513
252454467
338056427
723885908
331487643
230389362
757283279
291880767
703215402
761118832
308504747
899342817
372586449
151290075
710722756
178855210
7472181
620480768
270423798
325966268
670903960
370652579
854704546
241829287
197190743
394155607
772475730
655034243
391438225
258709559
883562255
516936278
403268438
862144119
609174159
357540653
980340554
753329658
105604851
156640005
991503636
358152023
895770416
83154490
510217914
616419183
697664704
911545846
991693700
437865747
913835725
488164577
199597716
977111544
886008598
662210824
660483946
115744408
136488761
373123791
342944557
970555662
224544517
1002190551
357816297
851423906
453973758
251444100
83453282
710232587
933421971
290013493
186921289
693158930
533126865
889175758
488359368
149408912
556479453
856136120
783234749
683658035
180795864
218123700
523256248
582408415
298233917
175370110
467045852
532746397
245077541
566073373
104673913
648419296
564828221
872467214
378512895
127027601
926538949
732561053
845278374
829780002
426109124
392205538
100977566
136623887
180412681
964463911
756228212
148271735
615599194
389161481
227012535
340015986
170587038
57591007
703502853
520390948
622993171
434446101
124410391
3751120
700942053
667061144
815976972
350003986
780798517
167408835
259026133
652521787
56157732
835211932
625322589
190418521
657069321
846840127
771819492
288393973
259161973
481085230
415221322
375096296
195122617
29967381
304577854
447038801
881516934
466725087
258966038
10454329
736763305
502897259
855941612
563650313
201541165
670046326
360858945
457071522
801334231
451353687
16329520
723183715
478731190
16418834
77827919
935999794
479546291
619851024
880902910
538886464
908000602
844123145
4442960
406491760
857609765
658995390
624630541
136801803
992352654
398705863
194009931
818044214
552590474
134421153
777766047
901697306
969697581
76419308
905232895
167543270
729274949
172798747
207709095
251016611
676237452
179310191
432216247
275458932
32126180
166417145
137531632
424089673
622361441
121295646
50594651
420801343
937594729
42124844
183448017
20922835
158132825
761587338
312427502
967052031
246926505
793292679
903778313
383745395
507939735
398623501
635695668
860450379
973548337
402110836
288678176
206454690
199203229
572756243
489402756
215267477
508155688
742499746
158979295
498288701
107620681
556617564
301793326
403219641
744293147
843585503
205073382
615513567
702659943
902700976
620913287
550758255
940726005
14337065
200727014
475907496
728241105
250376883
775696789
294937122
718456741
99849881
292526831
120817149
74981962
969406668
13032145
506393438
535157914
896624051
980120852
562933140
476966406
711382969
996778203
537891256
683033432
623435813
513157894
36676949
415621313
987745232
529617322
101756269
13003264
539077554
351382535
612615667
1000138092
907227245
113979820
605961438
592529824
934772024
867938456
925163653
326617052
252202091
665139566
136263085
705435990
779346749
489328736
966617941
982590857
945060526
697298277
127143473
408046983
738631871
827103496
820435128
798068533
52251571
861843740
65580018
467564874
935554933
693099958
861203589
902904509
960300938
331470420
484785528
250982739
871151774
495871459
759634296
208691967
395260165
320084752
979630613
667825042
560586950
52092319
515143121
387956813
556004768
669358107
974606539
67956330
264293736
994226473
693471488
392471006
220237675
663639025
187791058
869747013
892523142
709140939
739369002
366910664
988864864
724066960
431119053
675541484
29564973
131991771
933939775
814391112
993940852
296197024
889610335
361023839
108865768
52409878
488285577
257922933
198055525
348647544
156702264
869571324
465790424
972265329
786517189
653028545
894373232
519977193
102693529
354370662
696722424
930715190
43751615
919947809
664907493
443271274
460647099
698325514
298275296
653314207
532254270
770084524
466004773
247628277
620130507
274621903
771912521
821798783
901529561
721019399
323653647
850497263
443463442
161743954
126539635
296696961
256956093
43915258
474513234
400185376
320552064
429117619
208864906
800133326
311408218
155371225
283868319
190279155
167635221
484742016
528879725
11981899
522755526
290848669
455160985
634439807
878137683
116642573
761550757
256035582
90154036
924721876
694099456
328747213
911536436
348508346
606240276
906168808
983051745
88087780
687815803
577053900
54722692
440057687
771532523
136627187
196604071
834835063
658169556
471798346
108511776
175927651
254310325
442133304
619857581
551602959
425102642
201625939
298506555
69640232
214047519
269876796
349896237
378736451
272085987
375749139
613551028
583209570
300170141
75328941
973256821
406790303
859024658
312508681
228765764
93401187
770457439
52710649
799307543
569847847
304065199
239694141
636490760
241592439
77206627
153923749
992555930
171268247
854329025
953692241
951004272
797433359
676692922
351802072
50621589
160467917
775964420
847802867
100742881
762691751
99253563
362766478
543431772
184724632
599328597
521808246
755922767
729174624
159084254
753171461
757247982
968862294
237686306
162667393
429495900
929812154
257991271
948081502
88233410
987786426
565500385
16825218
676946479
345578412
310384762
233673896
289050583
668359066
769730133
839838766
672796761
926837988
793249311
441981487
182751972
450993837
726568390
686760600
669638686
899253820
442949308
426215194
348843865
708014717
186728327
947571116
293803161
953230743
258248542
696979244
773989911
416079571
465482056
850277402
815852467
184501193
673419492
768715773
757137123
1003909396
764200668
103412220
226175340
600689227
502829705
379412383
903982236
472519640
353147113
531224237
789301498
759176769
95601585
933917870
166899940
91387529
14249446
824717117
485705362
123705040
507276129
881001169
345263420
243902825
651071662
378858387
300429569
450505356
298390901
592872894
613758968
991630017
254878060
516288324
120733283
689624025
539347586
337935313
675301745
224449931
305734002
206901172
230735008
499042305
778164480
377225741
767249405
209292216
608538023
920465826
939709689
612398496
65461860
427042428
416540666
605338464
27269959
411847367
379515188
480121815
316067297
852235655
668782609
799930140
906763497
662511592
750234134
751157546
132492920
425449180
60610747
352575083
423619218
120358795
71508602
689442507
337095965
204525956
586471520
287057442
630300142
277169036
457427461
487108325
557068363
441036066
123851556
33821796
8980284
2268810
573372
149340
40320
11220
2850
612
102
12
0
D0
104128856
976609351
949709004
945738854
899851606
96013246
725344249
893817908
223274850
467426893
980016099
684280650
297436120
741754578
297862532
924424732
285659759
76396169
355183240
825172198
247697839
14366725
23122773
584536703
98413049
166762670
460480765
211468934
287746244
756351505
605405253
894012917
333930334
543292065
920286847
575029723
416428877
675687895
82784422
211468019
165018858
710130113
193412711
909115406
949684093
584301747
109637569
692104347
845364254
359159933
801913965
272538822
468713052
235289269
518745460
694265078
360054039
883892402
534533917
409029119
133135529
473140173
143951067
592115011
105647711
338846370
14188160
138617724
222889938
727433685
239903986
896259128
490314829
848272051
506528191
823868395
565470016
426234386
262638499
768655315
855264014
779172849
737761347
56572477
687617826
832776271
561154469
155802558
930053045
365803530
327241373
84839312
813800447
972483848
36233804
55526043
87053002
175404400
504672145
152924571
340612823
661790208
300468526
331124108
237681968
792914283
747382851
384248580
320114891
165754105
219789691
222028972
308450350
23871511
747594777
773262822
154191555
351982478
995630661
358795148
751748748
530689943
119706843
653522424
20514962
660529893
72010080
84986880
798858386
744616680
890364545
986989276
90818845
348359907
464967151
171436663
612249848
504439424
733988721
181433608
933976295
341581214
38885767
392326786
859596464
423675944
604235474
91214214
55512791
622975041
373540614
937688065
102358207
502585072
919566681
546293307
814264102
949801524
956964176
61958747
460320546
160335959
773788773
372507046
790627724
103819253
363403862
218103173
746734866
832493411
696666353
968889384
153238279
934192132
201498139
892163736
898391378
185223871
335305409
459101813
582559244
683277875
651047602
96273711
283077179
58728222
745305041
798593845
915101329
296042577
719263715
363084910
37344032
863771327
411686474
983016353
692760278
755997545
175998419
36565974
95328817
674534267
231308249
76904548
634546588
653670296
939624175
725094704
785616032
661391759
810443679
309383316
991947679
284159293
606306933
45752827
251234476
451477320
228582903
456441331
57647372
845571182
623382120
591690281
135334465
783049262
769537140
540876076
135045177
247666414
148421015
971627204
271018977
509249217
811009055
273186941
317211260
902190618
761355287
735136161
287283863
794018641
391502577
414234489
620716465
731395430
275239164
671491787
46260126
10948124
59854910
635761075
96230719
515638175
485641314
995609433
881271174
755045821
676172527
769939355
33999523
66667813
569731831
857719784
112637551
300370323
763320270
398493877
65684632
663758382
378983248
718141757
743483287
618033474
121428266
242824144
756538409
332752521
55062290
777608339
312646532
294951578
53611441
897870139
412997351
984977120
532045854
201975603
156991838
474931359
261853137
317341407
310094902
34362086
113305159
177229963
589454437
730022984
784308372
86002
21128137
867928022
418089658
489036682
325958378
433722787
98964077
720790278
417818404
392112201
92054640
77376451
719900998
721193146
647974273
62000942
780848580
676979093
181956173
163506888
471678314
579145863
803412286
983629089
909788242
358370055
644496220
202530468
121747806
881369437
332698200
640367938
9275483
881980379
886515562
179615472
281800315
271320677
231292716
379038219
486917268
876363303
431985549
257224014
724079410
803661879
100785941
145014809
475512885
439168828
337124028
936292028
884812811
984896710
41216092
10302831
131686836
254582289
854758101
827715161
439317142
62671982
798242799
60115825
891639651
863277566
606479957
545331112
220215110
978106033
401317430
339855638
988231430
103978987
84826551
634312722
346452035
332976074
643372659
594146084
460719804
574095773
270085580
711164902
480969877
793969166
99572523
146832058
974392302
418055966
326607777
318008203
971575938
981682084
627586392
875636667
826139840
927421200
67887287
881179075
483831812
232128193
670191073
167898460
188282514
843670873
433793491
794218241
737945701
602827730
1002801460
140380751
491410415
533853026
745516645
119872946
890160380
258779591
115754650
911605258
446470614
76268060
603219522
184879946
820073279
429432947
250610700
540236666
323325901
789859511
923878452
994445977
110389083
329419055
921347287
390110086
977563374
802032576
193743915
849081866
588808045
468276899
960198422
785358468
618482845
999133107
742648649
492108676
107953101
300073870
208241547
544976764
420220211
562255016
558429460
405534641
334791984
696579880
320355397
378875385
477690419
141891350
367777978
854106448
344855840
713748721
470461568
460181956
929326061
644508616
914479656
744246341
441819815
240106130
358482340
704872169
725499709
57286162
708397914
802651010
506896405
737673788
253026090
657477081
140065720
511701460
103023371
321786702
233241771
687776967
346766241
131041761
549435313
575815247
21727034
440120777
516707089
248737965
301033403
361047578
380652866
288110730
790661232
793149038
287169687
432127725
282030806
32832653
903683944
400660858
135180733
278416249
412379985
601104577
136351337
645600295
1385860
931188146
771543864
14715769
923484423
163016212
993856189
29986842
466560737
937781302
27672785
268983783
154337369
155379059
235170603
181982590
663122731
546815431
923124047
66042798
165679366
49483181
575004159
729103001
87453284
801668749
800300566
674001017
967590537
117754226
120152917
418663306
761912431
372965576
903192182
887794207
520550950
481962328
164752541
835590733
405466643
161217995
252169959
756881203
248542466
530207080
186943443
476436684
336322283
972475271
904696220
373033009
1008954
519941998
594890165
987207047
635208195
602401136
740432117
905975129
347488560
577129512
350981452
650437871
386711018
63412399
920034045
635320644
805499197
704378042
646122700
723206572
51266044
661574333
941430509
352169799
414158079
221741745
244210102
86003837
329125613
711936153
770747077
793771847
543250100
415536439
712840693
84897623
954721904
524917574
369976400
905173277
39102785
411253795
815147998
308122258
340592991
417319347
749160503
522229492
987310337
250080898
252736951
787133100
389535747
679658959
589263016
325974506
735219770
635523530
359391141
707176528
85675483
524938574
844131699
597052540
198553714
80581505
43648449
179729510
294941181
475635860
114429408
962482619
796648802
494661780
823048907
467560577
661860361
512248258
197360029
948063609
515748053
292900255
766603542
540282486
65062718
465285323
54375614
390270356
852301893
411502238
109943598
824135785
714588765
469759535
963849815
459615379
275845786
819151095
273550628
787864318
490337952
198047448
860467436
690878061
217391113
258396112
439230981
487160007
306838067
529297169
42939236
963002260
662790343
961430422
251109816
803929985
566433068
22885609
311274466
758811090
614485326
892157454
353867807
201146696
334945154
655516890
184793862
50229072
13450230
3301272
857796
213870
59058
16242
4200
828
156
12
END
