P 1000000007
FDEG 1408
GDEG 0
F
845628844
779741282
494675284
101522152
955765572
748667183
387181921
482004366
402688442
659132514
683284249
849451666
651206588
951150483
172141254
251783634
362805851
764743428
114394109
915653395
162836384
791826563
709085068
478790831
348657768
505815662
801840797
338512346
863250261
876094410
360962772
983549095
825080193
43749251
229842050
900902677
613469661
517832228
813967996
409136888
724585162
836472646
459468773
377967019
254569395
910639983
13221145
833487091
525700630
646467090
874899850
879806493
771433282
999849100
787820818
184050292
322037215
569095812
437996027
610167866
252201680
907504554
22886515
241322915
802028007
551186629
526832169
580870067
906972202
743117923
976284834
649314134
718686725
97413513
339937041
130220673
133478338
582510719
157504054
170228486
677021230
486154257
150055089
69042711
396273102
54159957
121870496
866679272
975713640
100421574
973318700
302594828
604279668
535596738
329099256
70022739
945573992
832244742
197429704
72736209
241166936
184300377
366351154
891460080
927834704
139515224
82282898
878334992
278116279
729645333
435337157
977303176
699019135
399475578
392949569
419826803
818609989
709242375
633722062
851163359
986340231
721359487
243587134
71718759
19787289
546768061
207539148
382729940
720270082
993054876
895528280
452270814
867475578
510916631
162136751
968666102
911397249
324298216
840783388
395910925
384531241
480220924
188044692
979744515
696194565
801818313
42590457
582223793
118165492
148340954
872272707
572666736
71665982
814694754
845969567
881409740
2463301
656685119
809116367
7161069
741054876
897672867
903565081
600425849
893563480
999213554
406049486
303230650
264853276
873371272
356473070
277012738
708139463
123287537
602797325
424838688
90509304
413414538
596958426
700590349
196792272
628161073
24552245
345500148
330208110
396681145
132791363
840642514
460310731
863925166
346954388
553617715
607971462
489535774
903878965
666656495
279219840
717959445
419698399
606805996
351110269
600887628
947643305
132785781
192330079
266177799
972268151
193503872
878435354
401635237
156835019
751665872
659590534
543765610
663319632
564362673
368226606
266383621
410931507
395245615
989395075
618056636
695430489
796070519
70240929
977140638
515041765
778620392
901016299
564106200
555324142
993402271
252625713
836480845
103208828
755675256
510649597
580515035
385847170
490238252
327569140
85002612
614597926
811627988
651390928
628641265
270062006
857171639
866243877
153269797
594694792
552069389
346840523
761214790
552091817
633204941
544534721
967964326
635011074
51636234
697895640
360069997
220754298
166958590
224815923
154563222
823431386
78495499
111045405
381467939
934435169
330612809
113214514
95975614
737758564
331059284
996811008
376210642
217238932
917296693
365110234
766713663
618274418
367820735
811360969
914146511
536178096
703443539
136127905
201456036
81072531
46688757
705312364
44634388
892529423
905210798
552174234
620895777
693483290
546490067
544329637
759241109
606527878
930648891
476319928
147951157
267532019
323289552
734256805
60935102
832385961
171688115
464808182
293470881
516063533
547915205
674084130
127746822
887870799
182188391
237795295
989611834
472681421
972860384
397829600
938230978
936067770
434914205
174122299
603728903
763499508
295081528
498122501
603166742
227387130
794533374
550420073
657481716
575952469
17228778
256678378
506179864
868791715
545863463
339725027
810327402
265279245
811291619
126460773
470844529
70322372
726563279
406123669
306613770
247883226
444880974
481002174
691585019
86359162
834716163
823576997
821817459
475929982
672746185
490069894
59035063
306681404
644048419
660157448
40095323
557930472
755780688
983033645
449024057
136678386
495149058
433438010
745733421
311031920
26732907
567018365
778522818
260965287
191349314
397855959
130887176
956446564
578699196
45809308
305171398
964931833
953075383
938751294
165008953
587252500
232673667
996271096
234400824
270330984
188026880
285134225
496128853
30242686
615406911
952689940
640991142
839396771
65635877
453355369
568677352
590669271
793815127
8697703
62429383
781187475
137197359
390079421
481124313
412049875
501656283
96126195
520030544
367274401
275122828
189827173
757452268
777994439
544249698
564724053
507936433
48902067
332335382
826933689
369811541
56939200
849323100
686685680
466376969
593379963
878473661
102886352
622389306
435821063
872706829
905197743
754675961
630050738
364273747
537748779
465807563
809697521
925363876
900766637
877407630
817079893
184753511
660283565
185665601
990763637
388640770
338932936
7776713
820859489
254093767
937606287
551300168
793722376
704626127
327704449
461700813
680826095
115400536
198107409
740444986
386382121
56568026
220482624
700737081
815481605
891102925
442741592
265757383
527827920
541172558
222118135
557255118
442028025
180328546
735987526
45933117
36318490
130869918
729863440
524860176
991498861
410410262
160875736
961616700
25082951
229459555
651263443
567267386
64322972
246828283
914832249
407316706
866757318
552162180
481681417
993032741
743692323
336522658
600683937
518736191
715247714
441943080
4805741
113191095
14980493
197548580
65031922
904862422
91934902
708850373
152534247
251814759
602538866
489517409
56423062
516948295
91423848
654017586
244322308
281962443
986321107
76595861
20270399
881964430
74040276
205643609
646156893
688353709
962243045
922447594
439255810
35497364
978600308
651230668
259470946
384697446
720279812
78452099
852459408
694452097
394181252
912374070
347638897
228501807
943643565
989467698
990017304
466834851
481132417
24223357
245890885
15673861
859475680
146992115
620881160
144720753
697501736
196461983
407495339
758994247
617770947
813877180
556637835
165837991
660136559
472428127
578821517
588806506
752400792
447762717
878972162
293646583
262619837
442181869
338092367
814743925
988551729
185095073
897501819
319140759
876943052
354832922
143131464
334887210
129128673
11150479
95721785
648246113
992501178
19083021
807849329
444650637
708148196
760872708
878909639
613302175
992252
890244086
967496383
154488331
789205724
737062594
723531800
10057412
138455685
907773535
656664514
813825441
175278054
831576963
555874360
876543352
107437972
953271353
386320604
688590581
686485544
200345773
372839761
903219007
371699801
624121946
181471568
240701618
619308241
617165453
650017271
892623777
671080018
887754251
156022988
877112015
860759224
826848423
978009634
312506198
467413682
876161302
782570593
366131772
140531574
59187403
272777369
220489944
60214731
273033549
576720099
496242656
542386171
460652134
691743099
392487413
296759821
327675328
727334025
648869769
783941588
721848168
636764219
526978054
385089158
550618506
495097503
947379596
179698622
969557268
428948962
470859457
490434734
425253426
896735815
530602181
551065374
95168947
347217428
442144801
5213317
309641159
460069961
465724826
615414652
561199702
606983516
699521742
833452741
925400041
858364437
89127093
692999319
100078286
268103348
930807247
456264678
467134779
142315594
461913054
858439926
867974373
163549958
386200278
422441973
479512267
58889103
158971886
341481782
770019285
705229643
735428316
736712528
879270869
274885475
572907325
334547510
793548175
376966025
554259048
172147490
385333101
744829066
482154592
413999741
391217281
103415532
409612616
4159143
308746879
106398375
109867978
529461201
958166315
36914181
183293770
68746033
665902579
568952704
652291109
823501567
137124793
202686883
421798900
563979531
616205991
673001451
761077610
818139736
176664661
633885367
194283993
832804749
437148166
404508619
361160162
775575683
71410781
601586104
593243764
498086367
451362180
370123623
259171823
790880521
438355250
570075826
124834411
991974499
783402814
536594084
202060865
172966284
129045853
990221728
221066364
220632867
691006402
447356541
839905002
312710516
674940319
441393640
241734191
404060420
737180108
591004534
101155854
650064574
991403657
426624022
19007982
150019354
116587973
8405784
347107388
357392009
401552029
915091747
333820541
149014346
129339732
816606082
647094653
541958854
583057186
731147719
608172895
403480731
954022576
645275499
736929772
975000698
265815173
609773511
732355634
833281315
35245740
958884245
2605216
383957032
754186309
467737103
616449372
764865517
524049195
491074635
126251424
266908771
269642818
363764717
298670933
540496172
402544735
384612499
16835640
974182711
919587558
217958960
959471699
161305029
310682967
70101184
99721838
353838239
461725662
903125551
196320565
300141068
597013215
877276783
983420014
56749664
609491847
366976868
933350134
579996691
966514022
180588462
396055630
659179739
296225214
337618309
566115682
274132500
997833019
395599259
268113417
743933231
439560851
965547341
161371733
952934874
134686434
452414595
580783302
219058971
942897691
653177504
55406049
986001703
214829218
657608001
754119171
58043093
248799273
45740615
492268640
238346241
594585771
318096359
827927971
878911214
475824161
924316434
362698604
579806473
181174751
991088216
613759412
757587862
185894726
178648624
482011714
494575320
8757031
859015466
687871779
556803719
715666884
35680873
619442164
247964225
534108606
227211176
200643729
113199685
371296161
181460705
770776647
500253193
636526108
446337100
466623073
952728536
681619009
150782649
447098875
622546325
925304249
775943976
215470826
35616223
836100863
427895886
639317326
481305716
526495093
847716609
705672472
149209553
403053667
254599008
700993648
200044192
518674467
737796846
395587353
60864787
132254698
475917741
756483460
352690492
159299096
3320104
899592791
351039030
630141604
870098536
833069320
908504900
715805118
654736249
975758381
564713404
375466127
204992943
592186991
186789151
263148643
761118853
749488880
974282744
799753097
172758288
656370148
430424232
266169003
76730823
932566842
20015701
556933111
306596912
255769487
522114718
254744070
586889653
777858419
799942708
250493232
591616351
96583476
957940479
573112069
753186923
459702189
266809660
105430252
419741480
129471769
569778701
652480190
908671225
346422217
463562249
165526052
77795578
19410423
959837915
832735647
429004364
308503185
559668937
658105565
492765056
958468605
444392540
169149310
430344243
271704317
197862249
32780952
490782638
108195376
339464407
489481695
6632839
825675875
602238399
857675428
481601241
641358302
984540142
77396733
206663535
75804790
349556160
771495753
427470597
168015888
675913484
680306320
826005458
848953896
412144200
61917950
442742043
400006865
293979745
851356729
97473139
82524616
423267416
71733038
620774999
996545146
191302705
35752074
117862200
389054357
917349988
538838405
884962314
202885895
471687022
658940794
265991997
114814943
730364306
568948867
179083126
227548858
720662230
689878855
36078397
94187897
989770004
284918535
213994818
593711868
852838044
2910276
504422182
819630125
575245982
367826950
603429625
917183164
401486369
665389267
622153838
707187288
384625210
110806735
630089547
962437820
793110052
593134371
884860014
350429250
123513619
95279771
401070628
549812777
122077493
365338942
245211689
335212694
33815295
749094886
975636895
510121434
86020421
829841733
349186093
771702568
70605830
737992357
807729661
530509055
465549294
133330349
200530303
426338702
986134251
761989056
967381045
258015524
149390333
614479144
737933643
245432381
326178329
185414890
119005361
106522507
622218338
181521913
474794702
919660689
713150194
905455752
610845679
123689123
170160963
403804655
591758173
965597862
69078
49988152
673703802
726774439
6519872
382141052
571826893
386337440
864069704
542812163
591972633
19052929
37102510
833579100
820004386
515096002
382487638
487562059
937256804
526235785
777544031
308550148
923057046
730804201
815129821
5074069
476984306
256267610
324056174
762805445
202369355
400797161
907286713
180148004
423516947
433876305
792578105
372696553
531417983
168847957
393175190
136216503
401694573
759219902
567923066
862096029
542953079
507535919
304691799
166933295
934903942
12198658
270966906
46027681
786495294
753408833
833164540
566915376
705912250
715639782
326416973
83311832
319606314
126829226
929843557
537603293
975520118
359607748
897355348
496156337
977398026
594139107
182033900
236936178
414079971
309888275
256089646
34986792
982525638
165745132
696880253
638650375
633906794
164396977
345103183
926333677
398198322
536285580
934496324
552329404
724089491
998948638
722193192
496562346
288177557
173581300
971699385
920349963
980953713
969025535
906948011
46564057
393710274
615153094
44303803
50788203
828609260
823119297
943714020
294565814
776770401
72758610
598431759
121392500
700140839
754441312
465563636
609061289
734414364
392098960
241511299
360695186
6979884
901315746
621177498
678499810
456813872
731371718
581291209
316702353
450744024
771328589
792952090
846122893
927872592
375737708
465519189
131504749
899838034
918368240
898358599
345878639
563105001
972255541
10886572
151407195
792949500
22761793
38416014
147858094
848329302
863277219
570572484
553645340
569565060
410774788
576581781
977641181
167002219
212150553
875845532
901838120
609825581
16391069
934212412
761597246
472291590
748784403
93438023
881981203
5405701
143495601
985567899
150435804
166488249
869440461
58092498
809749949
949225153
925533233
86336163
597406880
142828578
753354660
411473984
358923492
582856827
273915078
371281960
363736761
718141545
968731605
145144708
306907027
113379868
867655850
669112127
437479936
480494104
546953706
836714973
695059665
659930853
129311356
859810322
673767446
457021868
168694193
387197633
720882158
328803030
150674673
248680703
462313965
375072436
66289748
640213851
30147628
704634224
168139040
62024579
472540490
136352628
831210877
667166062
981161169
784853818
293412375
550991819
597117416
134576092
314076236
3333999
977292354
385647634
249620608
706767975
665757275
312229081
992416071
679190115
769416730
44525528
827393473
404694144
85236624
16708680
2904336
427680
48600
3888
G
0
N0
921337875
19362284
722074832
634783477
279615961
402303212
528415537
593240171
369365564
895938293
346116419
459416802
368080525
435686919
472687893
587417813
528855501
64516522
233663723
858869841
682994571
783247018
157934090
130537525
493337155
102785227
244048265
129577733
508797403
89236234
122328597
271971040
196693435
40210960
753301361
118679772
678963201
32157474
107024737
541864575
803543493
427623937
681568287
273164670
412972104
929726062
328138434
89373393
456102208
261823490
603093678
128007297
825179181
434760589
90834943
278490809
828603355
67917548
755758791
314813310
695081590
129127147
649482749
701130454
157769892
756807283
446427147
208858667
437635274
543827772
376983886
489870386
729133879
330178401
166907453
403650396
183639725
864162205
552204107
176361888
26760892
86080229
356332435
618770405
80273119
951100818
91321482
279721667
245119918
685614280
980525223
118045166
105896831
481997923
68141441
522499752
267500304
901409428
343893785
453531640
993259135
189280272
857882025
558061905
465278921
228222839
21773230
360889264
823645371
860600266
557404208
897700458
856041515
88172648
423017557
363206599
715857617
690751964
845958267
376285331
911896123
465736779
808901185
956862306
261348420
234458303
617732546
287160833
703810868
145605847
500031284
995136391
673874651
522479893
369289824
852502453
112959888
954205674
229182222
243720264
344744673
832850856
130494299
698264128
724548338
715989605
939614730
670909445
23032043
175355660
754736089
720859920
21877741
532790213
997032568
103683601
994241790
690493166
975238532
118081466
622625021
339085912
989822704
114040527
406695037
829342693
196477858
775476246
196364890
286886276
204156118
800441037
601684537
756063195
105793238
141000199
407897574
186185941
927949599
678076269
681306402
473348844
627845834
758352574
450704875
966604230
142118347
866223494
834852488
521524509
629911650
735266321
934559125
823293100
741852907
339480945
285317586
726649025
207378119
562834066
729083297
42644139
520636832
48678447
593059315
283610535
385159585
770522383
56715415
78275759
863987125
15301848
242301465
636881006
878590647
567975223
698312827
951681351
820133002
766362872
257414073
481904611
66947392
546334833
180098612
193879063
443295324
422741467
376912220
155272172
505279995
286361011
860699158
947828577
187997338
834508419
63300847
558073977
746421863
492958481
530117974
933108000
450105388
791971493
615104265
726391554
32432375
227778718
538744538
652037524
569557232
253090902
159798897
406782361
522287780
537488110
824652609
733912863
729901953
436596316
776154720
248160003
897548589
176417502
862540145
103485298
98579709
868465583
678243297
369638514
670042561
843108590
216603704
216199672
180112545
62835568
340729467
792150797
700198943
230924088
890726611
588386549
517530319
652920163
883964354
79906135
562505164
589904685
103813791
436949027
475685346
485021502
661815168
627630336
825619107
523641197
707246516
584134267
174784983
153932654
251081866
358087795
41317062
839926869
751908892
513398101
982779676
408631386
920730605
6181953
148310547
72006044
656642654
645359496
905292445
212074469
182984420
955391847
810908200
265367221
83362247
989281397
521275058
769000664
712082063
147914767
600422901
730827531
791991062
752446576
393958003
527337878
142340971
458280375
77463439
41075297
735377385
247054361
691892743
137558415
348635704
249919815
310391010
783588493
66130890
619496708
666864337
359269061
709336741
937952811
25344965
191265130
54450630
877021104
298852122
414490273
918076945
153807520
921624294
211712255
691635896
492588889
112360817
15861305
559326053
19316516
91292902
677767098
271904902
651187683
876191301
371087951
413188987
24347553
105139471
233239646
540456163
629860753
109796927
89421823
365520553
591906891
238783353
806619537
856907981
315795249
857507665
835376618
950332345
957381748
977407777
61788656
415220014
273678509
205423057
789902020
394992790
663243179
641177431
594883661
754505950
386715843
736547546
446868701
765584534
107791999
529335344
748970112
691004550
234160632
801839707
444132253
630945734
718679276
513383974
536241218
305668058
89150040
677726261
978180494
289533552
667433360
430203211
177091002
680429803
953148740
641700236
246620586
7967322
321948755
388762915
203428304
89965247
697920400
512723421
48462186
176290675
5474433
522253170
932820448
762834960
825483669
639008800
721918373
154038952
758392084
226796973
850109585
460902942
592219736
745390311
788859589
477145123
642010705
982987522
112319154
159308742
966000613
512828813
410120342
633295151
828143248
675407590
339258022
214019225
516710517
338502507
537836883
978836475
138679169
4926679
366939773
982291644
363413935
975088209
599743346
560460188
641772753
225589773
419218946
260705079
168372049
143041780
138442106
144226323
668146379
446645614
556075141
245979609
281136526
187304768
801046370
191703562
654104565
901222645
222383567
36736239
866079551
410409001
990645685
142041828
150808917
972119308
168395219
738559226
758496875
111918741
469648653
903673285
457943619
8478793
169582966
510605316
708233467
901044549
610815017
678732595
445489849
925556016
250653118
463281113
99397055
489934139
404835054
755678275
295076710
512922364
351903923
700514405
815240713
261102374
900261952
539729102
383818907
534184868
656026021
689872667
802882541
408932346
976576986
257898552
153660897
995089985
261233869
144007144
866003985
232272386
66470200
612480639
694893339
998118026
681044634
663716154
45820143
955916546
181688302
917113371
440480961
224187834
259050612
890461340
936753095
313410032
472684845
537728468
279919378
86586302
450470607
544798429
112808090
424304951
813328650
870115250
145051510
528083041
594548317
761541406
835536709
938471656
117288365
294443997
915569695
709249787
527811641
410462360
175536822
310511159
420344148
968336175
175573325
785543897
526718893
250465848
367718732
595455190
703603351
547950436
903412417
870972094
482079429
513151617
79777112
777127516
610839430
584198642
631110071
732559723
452023280
846284177
987642943
637650936
47990200
590588153
823851860
363997422
246059802
795482010
911398814
54606817
673592297
742881582
963560184
69967106
490705037
375772106
626485366
704262472
152698067
184089128
28324250
915680758
775803854
65000988
87148617
588561724
164790860
675649873
609474232
524113837
230245636
531371406
749424407
534336230
366700034
605959154
97380101
797396844
21362986
755475969
155713384
101203792
731588843
350332943
657686210
344538132
988321531
187800084
876199226
474042849
936354469
923323528
282618068
463565340
768979846
957839443
127644800
140095706
341616781
127596681
129600004
640142602
63161686
250372868
25291392
313090675
110929280
359690980
263577270
21475167
466702856
750206691
674544538
12624841
374188370
594007587
359289861
15486658
709821011
585603572
543607699
509787335
561604165
441036066
123851556
33821796
8980284
2268810
573372
149340
40320
11220
2850
612
102
12
0
D0
178906434
842137571
249205302
437861677
865222156
872164482
527885127
566850911
387414333
678482722
656376380
433234851
420521025
686292709
376290167
788376495
741214000
19397534
736128228
821649117
598275621
611504589
168487461
255404371
721881141
134954671
254015099
199114949
627475072
571699632
983851114
242004259
494544336
606630293
590302248
687497509
555361232
834169677
824988658
908246818
283637621
844532023
979913472
847593026
700752247
974051138
315594291
26497022
688702383
797184797
134197988
435706973
371454235
600542782
839239850
151544369
597948668
534901289
896342317
790220420
350881950
309384310
750419575
53115362
921242842
480763611
215053987
284007913
510863526
650025941
295245924
847775085
115764709
762023958
927786594
292488084
5265438
900448219
436540299
500201728
203889352
594507278
664187157
704433189
967153599
984366020
169569976
160945255
75414875
393274973
183794624
65823279
808106856
612823473
870799521
46206221
153214331
123570772
114607973
199040236
128922747
296786859
292543615
60783447
857342278
77659972
83248860
585759766
65173874
365585383
242123465
201592747
668903945
155880078
71769847
637613629
833994993
690021566
539149867
437084771
204542112
69400957
658666954
715200134
871779519
346695229
945325232
790900004
595794434
102935744
664022909
516630795
9686839
779180612
726615387
15690845
198810981
30675978
869517989
398275510
786215210
231561686
298257626
661993844
651019297
561231049
210010647
241396700
97493588
18798888
788935031
550505825
208098915
164071834
317579636
297409030
311176167
691822561
933786634
208289680
904829088
675592385
770812055
49643446
15732722
468495059
546926078
168820683
572674041
592670144
674551983
904036762
266458416
970844858
959947155
558120804
51788590
118442091
653121685
527971409
894068552
691136871
926343760
316570731
443564761
831060875
496973091
523872101
531530291
766574771
576115658
393093598
722233253
240785414
905995592
399866460
49921640
282326355
816615476
812498921
230492902
509322813
937556694
958580773
445414279
488712329
833533086
580481498
386967109
646463191
496563567
156276795
446937615
341967565
208777278
809933447
16855101
617857101
381698732
711456903
739526576
317836962
946712915
527371934
303804151
114381301
665777162
733937897
134851269
476423722
88718760
70491506
696680449
451542721
929947700
645205194
127703669
829045562
252083754
658386727
817223622
45926236
205453546
626886321
64704201
580757077
816999924
33612063
427736425
705602554
980774685
626482931
201025724
143069410
542968423
584903807
396403352
529502255
192530588
903738979
374182634
725546517
695959521
7541046
545444898
659527058
723750208
54660316
652615774
895118401
804894267
410915589
214807355
685285336
129924106
942952480
170199275
191608904
669678950
789560660
389442341
239478713
840356700
313057197
566933317
255549047
322390767
200823987
491099912
500973891
737615322
236903133
416054226
828575846
781922028
678150648
91584931
331470631
660003558
630955040
321479415
866517381
592283750
833044326
36088233
511730291
181622873
498687949
806016630
621933976
952859909
833426159
318316967
191359955
287428790
204320547
63333033
652805851
129685312
705515950
235001607
104489793
961806446
924575244
642052916
349762571
840343409
993469262
104429164
922443671
606727482
719565052
577196247
743281978
671493262
778744052
327856976
693857623
118456341
469121565
737348245
208589104
7754435
786245360
894535418
588686840
607001300
52096313
764007094
210945359
461685715
529018039
426377584
586563325
452702386
873198892
712400469
746939344
198955783
754425724
450766146
345669667
95070385
935894450
656728969
950244281
728307584
708238652
714063881
161216191
264158420
224877125
386870784
67479948
340400005
151045932
121120764
169041646
606955434
912887439
962590274
587349281
675812113
979719890
557431564
759539847
843835696
433051088
536819637
297259133
7318587
508225840
771072132
286172279
725402844
963599814
655543907
154551105
437470806
297991583
360031688
485585795
779112945
409137262
394673817
834204912
524656851
22803329
7772285
344518968
723060484
235306025
627997359
967578370
733349091
879210603
339322947
512191363
672022584
947427706
950282344
775424624
624175625
475254949
857257000
351644541
863069704
947445043
15434628
371590087
643323860
472017178
550394416
926746977
457621464
65417309
731909008
266087985
312827526
267162567
256834074
336523613
61956609
239506218
30854640
393874044
539557141
514942634
919617717
262159304
514414330
764746670
831133403
504640158
869292625
191557124
711955769
803577668
567851039
705470533
927669745
785253489
69118135
225764923
874691523
28206901
826989508
906521650
564793703
621548421
3458304
132519507
61667723
71728289
48374831
242714435
837152452
815125046
206102659
177005713
467316911
139711584
259464087
898351523
932737123
964579674
822776891
73013919
106420209
612982752
756482848
436981484
421705829
574407546
796690620
238059311
503746564
897076256
843460997
74454250
882769392
892147583
422863133
87906146
57944168
925068574
680260483
850627578
127127759
207025115
865097252
993994945
303613548
477105529
127990492
897104066
780170423
263924458
640664952
350744701
792273602
282495207
779187023
262969165
390892892
21705927
591783545
692854024
647248067
801844276
429196512
422877445
677580523
257480367
906904068
265597184
815176769
76362973
930700549
364791047
725257770
255641664
228854510
225794997
763293667
911373760
633659882
495894306
123249992
478725213
714075246
346049402
318430621
727296104
947383340
404366689
827956405
858797144
408454836
219739953
531793776
890776025
359901265
218869996
912884498
74658362
804347877
809066650
388742174
231533554
840080575
333927162
984379099
600642237
97752290
158858311
498081241
63395533
771422367
44015907
887491158
226784273
527617699
670745769
266443864
541924918
253788495
883959817
52752733
927854696
606528809
648889327
47669584
36964438
863192496
460145752
565431850
82048060
233378293
503198063
591309113
410259639
629776095
49661362
46628565
244988595
777089692
289356411
461264979
824368761
102553532
898448608
329628437
14199868
496085046
773842311
80342766
480238251
39090467
874296895
33414824
99523656
380807069
261332903
405789935
812115953
995787958
289190716
899998778
479742158
836131003
681042225
326508350
37492077
922541883
54699351
681907227
587895983
438973870
933254220
998670292
802521210
605889425
776551715
125112536
618765635
120056323
468320495
877842923
164571747
397538043
595243160
481412814
635347092
312120575
171388143
987515608
908432675
70949508
54264683
472412372
325078716
889194929
480402233
503859284
566637606
278635103
154021726
751055747
160594690
117007050
410077289
252160033
764902115
515676687
94114309
994725040
917054783
734292901
655768635
827252052
497672839
481644116
193977538
308472556
832836372
679148873
392277132
247374032
354809251
485406065
237433112
344016758
655516890
184793862
50229072
13450230
3301272
857796
213870
59058
16242
4200
828
156
12
END
