P 1000000009
FDEG 1408
GDEG 0
F
894272201
924532174
224273863
143398100
374159239
156263637
144333494
644078994
948609710
416078109
616604059
433430502
892782564
159201141
356719622
243511447
280323825
611296895
998653006
940329704
534545373
198657567
890124142
27403749
659487305
701425862
442661545
511249625
230554318
167003831
258883058
696610151
19527499
227803426
825354690
517857542
660039201
411425001
204961958
672294092
588779695
391544091
23474746
847424549
497458970
129133095
770386132
540130153
7634346
330909457
813016667
692256911
812320394
789746741
269738835
610736229
389540788
480964152
986211402
850810443
642337354
966020860
709868200
280176130
613107095
848989226
251782304
220283229
983005241
262746548
731285070
565141614
570978766
312292534
503020917
857331389
31933217
291640813
642691304
681220670
59618803
422827331
768187143
433838823
675391912
5276871
313520626
742364140
586649739
628337833
159137554
833445288
452457846
598158282
47984861
686305591
360180575
861848627
664854030
344580881
630546621
848323088
761611688
709604482
79714996
213515451
468397274
17243329
551656115
768281153
632509280
362318187
849305127
46365776
490967739
371375744
99427805
502181511
514052580
602669324
930573199
632678592
338540107
334308181
203201656
997870569
310127281
947617316
869164742
484645620
830654593
133282348
142771492
834354009
557088597
738060906
742394154
590600003
462557032
625807181
793459017
64107817
165988040
25657463
721800140
406652734
329560118
611243744
736188600
741960740
509870627
732239662
441500978
239986173
442801747
452663790
580336235
200404832
567012785
140096432
505509258
675042956
695601063
483937542
730174008
605432321
602574700
518123851
67199294
906463122
133565726
343358931
258308371
212612774
775390891
296963863
807657762
724492778
375508263
653367538
148883471
748049105
312669704
151979698
131902674
811807939
710013682
404584645
549900241
294511168
977235120
959282
732770025
294280734
499043025
160907146
619389972
32736691
842295669
784814129
332323762
313230548
978524017
601510966
72232109
758408850
866796022
199800253
392393135
854459760
865190567
637020970
683361972
832200639
701390091
456160382
307906710
562008455
124580418
889134635
446878461
612435104
574152404
252654995
630788114
71183495
311498765
156383359
578123212
703193404
408783972
142470041
577009689
397170785
551827764
408584745
413910612
491569987
662155121
430757805
636751728
471777508
63888998
988725610
563427927
138565359
464071092
976208507
406221673
934316572
342794795
211918216
863650227
249179385
511844009
275509028
316289444
700398400
424923883
271257325
396515300
114592692
20085341
419118740
812426946
651974457
408509088
351548066
427633855
840875173
559742607
360159260
664640638
775838343
911645941
701343760
118808769
602484506
686589609
865362649
653939174
485106615
256794781
297816792
627898381
972692464
704010749
671007041
156343779
779272077
541701013
767027987
868247084
492764191
259482169
772433552
139445326
348375438
553687951
475831796
987743238
164586234
937132894
384198961
802914683
617075477
632246163
47997390
450857760
128759714
552115502
498820511
482297292
393777
685672109
948146006
968990992
358749353
963651222
846213212
539291080
730009333
471251088
117377930
687692662
315320275
698798674
945198090
805258437
869649946
484327763
492696816
712495930
176748624
549971790
275394166
294262189
422742637
240398693
439466937
896022854
570386161
754774924
585012004
279076430
13790364
207709058
889408404
3731248
758530819
373710996
919833283
916606350
980647462
417619709
208275094
230839931
55484219
791108714
250069595
679818951
411383019
895423247
648710186
930009120
849304370
30257514
405576779
859617577
618848742
100302254
549141711
577656657
140633281
26327727
129968797
308839265
314976673
279583840
585162892
749522539
331951881
865346408
851820530
571019267
415800540
540834341
872861595
623542002
42066786
707151884
625472403
444939188
947995328
332293884
332801825
532046337
292183916
560153631
9339798
36526877
788361083
969432729
581382831
769535986
531508835
231440549
118581532
707323461
513667749
888090966
632162589
643271147
75608826
638590542
902198902
222228094
972991180
809633886
234807971
247162787
541451734
513387839
282239099
747518353
164565069
946031598
179772563
858779534
236961782
103479186
64916274
8259381
355194886
96591567
31784712
37830984
902969923
268145062
340489617
544984161
943646788
787694449
866545884
463275584
813587999
977853566
10014614
523541718
105440661
702115517
41135607
50420779
442796198
839927369
630071938
992390249
307606861
248257302
584185653
650245937
802297057
632472220
399632375
33577899
567619746
2275326
202193521
215913428
278029511
792661170
769588917
322017003
342871431
690741896
394745540
509918160
720592199
762839094
727089440
854663038
139498282
298730643
175657898
907743502
238380988
357653280
752979499
418067361
733660200
967832409
482789942
205193169
171142495
527090651
785166044
576067872
84808660
80149849
367945776
108022312
166233872
499538634
146838050
454521619
847868010
343642273
944858451
997448491
658523427
927882605
880596911
889953626
760654583
169872472
150570903
856972634
809036905
912226552
800341810
670704864
397383201
850611848
848889002
664980836
736596848
438579738
385997658
328121084
754777407
982463191
488064565
907176696
926707468
773054577
270974714
724454936
719157600
154560503
554639331
535122721
79532797
697412807
984574018
7431020
913514207
462753578
993731523
71670908
937233376
441934817
667375583
481658551
710273226
884627464
853342174
156830961
501543409
573819137
433010605
849548134
672963487
222825408
283869407
260603925
629799679
395103169
203278725
306948640
690076840
994552719
215775079
659474096
883116649
882781533
228539689
119282653
90854518
842047701
360563623
212352990
856940644
932628802
253674228
864104062
971857596
921510186
119630756
229321625
665319833
834062015
771162475
470359326
810673888
779296693
98836125
354387043
536163616
698491267
168434486
916282204
595555026
255084444
849598645
550863796
559239478
147689184
255174847
830671708
349648678
772764758
205047820
854148793
313950762
956677951
535941553
195374811
629561687
657420972
30738308
793193925
440261076
621087548
237198202
53580652
843754860
204927537
421275794
461596006
672766210
737699360
264466322
112278395
495047874
309562586
658755643
229323963
300896184
82163527
195060449
643768578
872338271
27713803
95537900
852306478
702409896
699652699
408373720
248571267
107924213
778882569
687683611
504106764
998031076
411691382
359975475
860073450
371176058
570051388
176510585
417312407
57442161
665594008
594943772
343995121
571978650
515871372
571836723
865823641
484333026
362901303
848336717
717499553
732003548
211017639
371186509
670580082
412743383
881671999
688420444
922239933
597624514
802409138
278976733
177925475
816365694
212380930
332473632
821526799
314711871
635896099
162578879
859055468
427961903
273254137
151179249
289682229
11077002
984625815
326744340
558859667
933748110
260276892
228916786
970119482
314948814
299411540
857570306
390997022
312532651
761583954
442558825
407933659
98716933
323307953
58549097
369542713
701557781
692072222
416744597
210950035
464642188
957268622
526410934
868563465
230870072
208249734
269507522
232245929
438591455
467327692
444718028
146684730
822346662
864612295
263440122
52090777
313031314
678383914
9009148
76615839
42322340
533558511
567876029
772610169
652517341
255799602
597591872
423874102
52799177
727073661
74955489
64169598
51167298
218095175
633426169
343354703
276651949
445499280
597594283
223092922
790651850
326233461
98262482
866320748
822807654
544046435
469450950
817931128
51860125
102043910
430461074
735571369
514706277
567454494
115152603
171007838
267489416
252301415
504667375
560150021
683459103
698598255
919642071
576523889
737216641
940414024
704127866
103695308
777588478
552612287
261352091
98512518
106951133
61648865
212220058
487791921
108345940
51890951
571332476
74394087
73845379
263430537
120084262
497274725
216355812
4299228
923616701
712014372
421589780
958955164
753326560
972678740
398473870
812131972
523280805
735692478
32441437
463866044
728953213
90566231
520823833
138347804
990691473
584916777
286767906
497287845
652726716
240221959
96168458
940901053
460597935
9744954
850228845
587411672
35430916
788378525
991140653
577981183
948108587
232632831
763531390
246569163
336672358
495102615
157196752
459358595
634689806
954249094
622002723
652069414
953235728
960782958
540672709
132489221
874921812
231031329
629578728
122259749
592652206
605660577
421616354
329336591
392412955
883574291
20614046
457840988
748895434
485492330
430940809
754479945
914401516
245524336
679446824
926889435
994013193
259527750
800052397
707581253
82462968
52467490
57425011
914879934
925486368
759305474
789259694
746130034
818056612
84231878
377113708
83022266
175156473
440736354
995741115
852137068
849274990
6965316
401736172
587883566
319090207
483908597
219778387
76018501
140231298
853961638
643929232
147571859
250519878
967354484
516111758
683615779
571030118
539809250
570035075
420001989
687518003
43339381
578136949
495326770
987363053
971226363
82045992
35927659
425083271
548939132
378769607
251255420
172822120
310390767
440583591
262823054
281051819
101436158
930828029
601327621
520267073
658604801
921044839
834985284
857255738
187662601
16085001
207511375
723493413
925834038
126561199
90445076
80325420
356287642
958991643
174888596
35990467
99256863
53142780
362035575
406766883
431665144
342849962
499859696
769155469
573032192
452878414
638469278
937202163
575298059
347175658
714561811
706906419
96855223
427095299
117619231
517463174
602678664
607784457
126221504
721949525
376464490
1710752
971522407
611087564
570245187
63456621
473894433
64578235
5180053
949029542
345815262
810884228
910964651
937036560
655230240
176679103
137302160
140997099
986126152
532461580
487490387
323423207
954713471
695516921
932285909
610569731
150990562
493076914
361846983
720579161
28751715
780427049
827410301
501464266
773540172
901549315
473389830
251015242
517722783
203922930
419223169
103201904
435228516
400017726
917078449
419099682
700717904
538463785
376769118
950316275
89449006
245936660
320175887
384658355
188508798
594050669
632006222
192741147
224921815
356907952
933147649
179358710
522514164
537757869
149324298
360232876
476922643
629060267
135868627
885217387
620144962
352841623
302047567
279235108
82725267
530927141
535651202
916799270
233727522
53157656
566413891
464285568
957981029
839018523
677908828
490169193
237590871
502134231
630234464
472256036
594008381
919772757
964017277
342335380
395747736
331178166
674989946
853926003
252937977
721139927
153963844
891693049
868062284
330125743
406286519
987488565
478748386
962288557
687055992
588678457
317696868
9187858
552805600
19702557
322406815
98097394
995461971
799301888
75353083
357242444
345775688
475645310
887648844
617468954
550685369
576322638
22504323
236886125
604931353
798714136
812949466
438527593
153764667
330060862
875123108
379316708
892401359
319383993
625515432
345509198
456105493
612668688
645029103
979855412
687554873
630618530
821460214
829910349
633864959
175293247
625541701
598539219
645971391
976262093
936251726
42611537
9053755
18844562
754332022
822065645
784448406
144750342
418045577
622815631
177194437
648377772
161108194
838746032
969098213
376724827
553815095
597007826
65256733
220462371
930787376
660915777
907850797
558287477
522089514
876565359
30275437
156129721
631037867
591562396
754307603
320990266
290579060
924930218
979269687
303605546
131008642
893107819
841527311
666784429
971220451
274491313
792291332
434690073
906499456
669195032
743106596
399865902
32655117
709505299
765517156
77830906
976921085
313951961
590713795
420632314
188285787
843424452
64519512
140559723
412018823
159167099
693046033
966115530
458883910
74676326
7966121
998507664
461877367
31619479
883879437
51997304
56743959
105985967
207910330
991820748
446951760
663966806
578350845
574066129
730551073
648818650
580388459
975306658
440372101
747115792
251574407
431493796
315543446
430755548
508105598
781103685
360712858
601315864
662887868
758152758
891848305
736620203
339494524
706486307
686840387
392903621
296287239
482597582
784869637
55737364
528987979
463670308
392616685
973637315
58286387
297590996
23503432
192774159
668862605
927263340
861366513
12588676
921568252
415559122
93779459
622781313
641046331
351480566
750824917
904568476
352677782
381782438
611018015
68160269
159607112
835851195
486896360
407661681
254449464
545916695
485338528
346880855
224090324
618852850
130125422
113795808
238608805
789149708
124051966
84226486
971232180
617643136
988102181
563410745
915944579
228970444
333546493
814572547
806945663
374743797
966474729
403043388
6868436
943682296
318084413
498456532
274042231
284685162
190526921
417544094
623779749
39696456
352248730
981460154
299211113
938115997
383013879
602677755
448499621
569755032
107982064
285111199
45415620
442441941
323354751
252302000
962156374
510161897
699304369
541390706
111290975
21025400
815818697
15729620
72607456
600602415
295256429
814817601
312460822
8384970
199152818
983368259
70305855
959258527
920430381
989393956
796880956
209466410
892317689
5538743
456138905
646305825
856663779
485785362
524027785
362358293
682089901
453695861
605536065
331445992
772712589
217484675
325964028
106773447
308238551
151926885
154640388
302234408
640235186
529910668
330603733
169213925
869284784
869003352
722156888
824140049
127499463
422586454
324182100
146932600
853699301
604412711
663657582
313700132
91093645
177102086
562334660
202545362
100368590
551781886
536343556
969529893
316001133
286186405
304951041
40157848
82048944
492933727
224166034
995976238
179630848
679088561
886467213
247543060
985646122
972631662
384431390
249306272
706687641
665736997
312224039
992414841
679189821
769416662
44525512
827393471
404694144
85236624
16708680
2904336
427680
48600
3888
G
0
N0
448095690
912702681
307723964
209841293
378731039
921569323
144407457
844337733
322302461
83309202
458588958
127180190
939961505
865513691
21283791
201853140
149279916
132209818
249396768
185613883
241365552
2011597
128915204
520631903
836993844
401405764
817854353
934862260
455074332
880953741
104347098
532938306
344119323
934370292
713781860
74568443
877245728
284926597
910548571
37211042
920237901
990579283
839474601
956339972
158025642
256674279
916163404
46346626
258162100
266441364
807167081
183929297
615811256
964911379
858843328
834446108
822180409
144056973
524762310
374347440
90057885
869948054
813700385
760816216
216798322
483617343
423960755
420562546
695488217
177763511
471021991
474414277
258436489
706083351
210361376
748557622
926753425
386183203
302854952
272579086
950053917
193125032
757267352
701523979
649755042
443871909
952289328
528812964
631732057
406376691
35397411
409130597
803804616
508064211
585808472
720948371
734635630
266789088
287782368
414338133
77311538
443876011
465159018
631699485
314372484
961517653
550723080
798532612
323276763
23735050
935919502
401150425
52839636
839691240
818742836
337529912
260157473
276409127
855053230
173679911
374964731
696821302
737350392
553720359
286688181
579374226
297843277
557099305
914993860
646207043
573087058
122311928
338315983
701256350
76835978
775055853
985948704
596544527
208897813
475744682
408070982
129797380
777576303
534664908
170048290
91274004
34299306
10218590
915882342
947850144
844427139
761928541
859006694
241389752
284004200
164583471
198807356
607862036
756811938
64013320
842267958
204624538
909220250
792621752
507811009
825069931
544739775
282965147
326169935
370594353
49765850
154616089
618707288
375158534
64222371
713596296
355204387
395101918
426567436
519840563
212981898
897756509
107322248
771772853
985050479
867548598
432317693
269259705
676299702
55437422
720891222
157232356
30654200
604581603
641238125
734630469
728156687
463652410
513357035
765325658
380948619
134571549
842117345
317258716
379032921
174828611
357653077
573335507
923409951
904881353
311408296
38230105
462107370
876526218
187398398
188061522
431580999
122251886
717354661
337378720
800858452
412432639
263384436
697784761
94343535
575452931
445124379
109531801
983030771
153828114
5744353
880034071
244728787
174918263
766493064
507057696
393340081
186549762
582593316
691549370
678385570
323326492
15184068
336130032
908069653
144163995
638440109
240771511
117635703
886023376
60802280
770416015
469154667
571541681
189858274
366932082
780168377
340880413
971585790
73494216
961716189
662441560
674806915
863123413
17876289
930260306
703324013
127833793
319776760
217329622
986666582
551893117
820594397
447330219
876999147
257053938
687302145
452448158
726078513
236225509
110776814
266979895
276120741
683554331
273773161
147155885
893654251
953035123
724566977
542796777
611736840
99567043
670740418
790760680
450563946
157917286
992697022
712996593
37073450
147381726
9894800
596319999
34895259
68278871
699113817
457231184
63340987
953893855
618662999
415872074
991879341
118651417
968475842
576629528
538672654
168645792
71270089
997549393
365529704
968196929
561190688
708488042
780612282
949117126
838818227
534105525
993556403
505204142
780956469
8307488
866248169
39953643
383000437
325578157
952081526
684623650
5937037
347843584
290681060
134086816
331671015
639637068
786758298
879791878
55341363
2889669
368218947
541104066
91099750
584776080
808396826
415124550
942747281
724752873
42490210
235672722
547298509
111995970
478357939
301980657
40570000
648623597
161908649
491683296
635432164
543751640
848703553
789576147
194784018
789822220
80076778
16630894
148108483
937899839
79910370
173616212
639862961
80753923
268413351
575719370
215804251
372950596
174039093
901055525
807631895
826003510
151503221
808812846
738087252
182689165
902442157
128678776
292788631
388360634
978688167
456445949
994503384
500688457
377591239
584934794
782744065
372360341
328883766
734309105
321983346
945896103
427087550
124448665
609534476
970800211
1523192
194202708
950534739
731273695
29617917
117533830
589474091
598078262
56847091
442636207
224165421
177448075
452029014
596065750
809797285
302317295
707624303
650068503
398164016
153337139
862032280
509454590
7309412
59877464
575859588
844543019
272415422
939037872
211342471
854047245
14508304
34908052
733618098
292577960
524533374
356859534
365115974
580754598
209143042
504301651
396098926
522882605
32774259
152791087
600559346
669495762
968443702
951650896
554011789
611334466
539127280
155430232
540718581
986065176
797058267
614774115
706418482
118821566
459637557
775543852
811024072
669996884
253173574
7042234
641091143
399091757
677407573
710290998
383642952
227584709
360966471
756021037
253726838
988533930
649132147
172475945
938319727
43760320
213934509
745448903
7447952
336402626
237649762
911521061
65967965
276748618
858459345
694086755
576548809
978046398
256730215
718494199
521299469
979934126
438557227
773875168
969032866
757379333
727177478
749949319
999896242
143160664
138632300
451019565
484521854
739326441
924212788
129171482
784307234
290831252
948038248
204992169
525845326
537940985
915417757
531529307
476806952
625572242
124581636
951390410
572878047
948733603
634297059
326538002
500538753
357084218
719175802
178561693
286716359
270367648
844679230
22878076
157820493
386208694
309484730
761628381
644389754
204036573
778351978
688319459
726803330
607663180
620333253
241530226
577131717
959468425
479361282
336402961
290464903
327843578
516480956
55750794
390090169
91332246
65444523
387582730
119990602
788407664
11904195
382600076
591584353
147677568
98877531
823016003
344674046
507143238
573305236
821353033
876422518
395802664
549956858
483289465
931346461
293916091
15627555
126381050
455727864
324905500
775048507
151406142
530814826
377857883
748483419
408501035
290032822
225557847
967642156
3561430
50863719
643485775
444638951
121061551
448862011
164881720
350739875
224664116
649347123
179882146
440161309
579016555
867470157
306742931
61077949
337324485
377009495
166530567
706184428
831536763
799481097
682090768
883234798
154640639
858665866
864815297
428708133
819255788
170743022
560033558
86221615
881456968
84582068
533309269
556116861
382054555
598921877
143116776
540201979
385412935
864810421
229332979
417521899
105055321
635399806
881409317
238683988
728566922
560731137
913445751
612397686
481631203
885230771
295881217
752909984
21203884
345026687
212955166
424252455
201789999
597636897
775440783
273837043
43158081
421855603
187538170
828815749
360185991
16161172
933843334
506010348
116985701
721325385
544665853
271009981
843867215
181404608
150487361
66300596
174209898
994373818
458511172
747744573
673807226
12405443
374123242
593988369
359284203
15485006
709820533
585603436
543607661
509787325
561604163
441036066
123851556
33821796
8980284
2268810
573372
149340
40320
11220
2850
612
102
12
0
D0
145828592
710960829
340615985
66689223
814272675
121646452
826227579
589839802
84852882
566084348
383732437
15375120
203240412
222408044
585583581
31867690
277675966
37077513
159507906
771872791
244377360
231542498
2388276
861693637
244356032
128940122
38573524
903886961
873194508
35257746
801672655
868616963
701462571
270848800
284793851
882442220
58435560
558504462
873771932
157084428
932074586
788500694
692870591
512389779
192822345
703216191
670161127
641023414
573739294
917103624
80284338
438440520
323786233
807599906
166123156
761465477
509856608
972972569
950100502
722027257
372539237
92574717
776703976
126691478
197419036
153759689
964772817
413104946
506382957
336760639
396641688
430528580
496286011
683712606
206015547
289387185
575020933
952595557
966855802
818743515
275874733
526208650
966100889
9543135
317228833
142782235
713670714
720532345
121205129
136149282
114399554
476959530
282205978
244623554
404680106
794350634
366724494
581411977
393434286
373262253
246493601
77106202
204556089
854100922
416865002
182962541
565466193
597060840
177712484
652732332
880029254
920822620
388234747
699417658
255328298
484273632
271477965
391573358
581043197
886402223
640342204
823186331
371737505
207092176
879343947
747503904
415496197
555055893
78604394
30315545
768167303
137134563
148060675
975142606
822501460
46008946
603706362
504132566
435991355
23732183
879208465
801452270
612896245
358870588
487132796
104735689
356677708
599937749
34673867
896068079
283034283
734506589
507584321
649032570
59720632
26172929
313382627
707884378
568545304
445573310
915802668
107715293
140662348
839238537
520312634
847454546
413532840
748037098
482378028
958862191
351696
246253828
382670095
282829813
665060604
326205090
990086442
449772656
622409673
971359185
354179062
344277315
851731932
110242397
937867987
239912262
500055896
388327429
369334223
163014028
716425358
569964787
331858886
726221366
439285477
982480992
184530076
163853975
99187702
442933838
247591329
885432197
972668873
136195970
624055375
405187844
976582995
753112652
681229730
182740124
100515445
631888340
802052739
991402805
946841564
893675898
24039284
224872802
512408025
835520772
106705752
581868085
512713205
446350290
500193337
810549797
882765024
612543127
47522561
570923225
919234576
219959932
439811105
521342668
295531240
349231708
10493089
840483703
744209498
343924171
991140692
547338634
313568288
239919824
801289940
351965404
93174698
1350749
662985376
983736386
695923918
82334294
137643557
570986880
44862356
662604961
103742127
721207848
63361108
194989452
760705931
142681694
626341239
866414935
278280817
547663932
475795397
329834619
85420335
277176327
2004032
484865068
47442943
403044439
156233404
292466639
74883691
739612628
625402950
476660136
760129915
688000509
925211473
866708720
686320777
163194218
754164797
691310541
559081136
304330240
202874395
936204345
772650383
352034360
610642984
310834137
185575617
177457037
277045952
612812386
698557070
529697534
135829448
205721437
359175102
757117851
544789980
966991745
920073657
822107027
91678766
473358803
660639314
288796661
534601998
61012686
995432736
197215539
140630822
72617314
644727358
505343845
362731140
293474821
995703366
293919465
722773720
487826447
938132636
165330318
533401419
427033381
417856986
903018090
557978452
920718494
403786186
331069884
961375110
259494471
446271454
815468569
444275044
220320425
715361532
997813410
397212893
698928894
490181690
963009261
158974335
545241397
698020102
29094762
52568459
88812532
963458644
453117306
325767957
429826394
915623950
193152168
89915437
452413749
890778259
124595206
145801162
982307874
504746834
870926360
474971818
146440463
510765339
562690664
91402013
176436039
476832711
323797494
170648700
134996222
280089198
529850070
701775009
248035911
19634069
972647861
887674424
526370904
776691842
933430407
435396792
224421275
37896794
120764069
697671678
656845114
171827641
687599206
38214788
391951114
526043726
352005936
136247136
637186342
514548745
569519675
941856833
218310409
816375052
566134715
672321333
914109891
846771716
519030124
81935687
249909398
562718358
823546700
695555331
271184085
940621444
240603239
725243301
602903386
657968353
396737683
545073849
544922461
463953461
521697058
312470304
165702604
800166191
699050672
212731584
769785697
533845444
771035486
276335584
695833988
391900117
348746571
401862853
538751226
34201360
407804304
479277261
618553919
456343648
955729292
116973085
719172010
98131381
346158635
793015927
997619712
955224754
239200576
835198834
890547796
145852979
958817576
596662259
491977790
212607411
283214919
648084622
287754747
824491906
947706129
916317539
928616925
138591045
874613071
302790349
81177132
196899887
181107372
209222769
595892744
136636878
525830080
262907457
646180389
668330812
616159466
780278065
779226825
575391688
606585287
145915214
468724436
918367350
931769742
884797778
538956294
869050108
131884420
342154575
550584353
16894628
735881322
189077770
40086092
154981065
481224062
152294354
57108903
838983745
434523565
837211408
218646072
80351121
397996472
61657999
771538744
736232502
48805252
999205631
95299090
640990646
332785265
274789701
923754798
780209386
151076351
341881454
625711567
447556651
398953910
584123136
716777776
67371691
407367640
405147356
750436996
936672148
141487715
913067513
328282913
645723032
605659380
43735504
874571009
284838940
644729047
256452252
486168273
101094706
358607270
160244442
889501310
859670631
278031934
81858565
81196871
448859575
273287875
211917777
640219586
180677253
855299547
613624701
616950176
293048037
595135757
759297942
523591765
785360972
683980300
448095477
31349016
864904025
841057647
296989756
414637548
10958028
180046409
525864893
329671002
437394829
706855836
13814001
739042209
353379867
69481879
825852858
452472139
595815483
631398795
811270953
272626367
437286806
883901821
117460733
919924510
951844699
799788671
636053240
263961238
814314301
536451828
547933416
401506235
99988091
193416042
647676850
949874735
254862953
888801172
351430068
297726649
486651742
986555598
566848737
250687795
629650254
182103653
185000478
458304971
567499297
899351675
954670208
635823111
761234406
827737415
813702573
516368984
980716192
285943234
455284223
991367996
900211700
695112274
518599915
616147827
806437866
844024241
720580148
81555153
280125093
330734228
244434089
356270058
888138114
496017877
939612187
646825374
407560865
981492957
894381249
666658566
783530288
381437698
410764759
210211406
610881036
907627838
145068755
185873538
744088443
882204422
62655860
267851813
630959831
711682108
826751553
526433471
56209328
711266508
226072296
619956527
294906008
768369568
793712785
265539496
515904201
466024921
597088187
614235957
814713780
493911185
480518956
193643390
308373452
832807224
679140295
392274636
247373308
354809045
485406007
237433096
344016754
655516890
184793862
50229072
13450230
3301272
857796
213870
59058
16242
4200
828
156
12
END
