L 220
N 441
D 111
FDEG 220
GDEG 0
F
652925438485509375700071976332947158140964163213718270870079433353360929563890472913073994344772611066255876397737331085721607475040353207522277762605330642352048386474386548689123558110324631552423227054225635293745332891268656
1484558403896703652560578127881311110840838293930304337025203504784516944679109560400793535841680862927975922566195035819780867254350365271273574977584134964615394766133445057163774986655869754403211109987623156268859718321931904
1805274471695523983119099301094365847796310267270591415652529274237489755357991364539878068733953598227419573258159323855795766912179803318897795869718847925701383848258058322876229177518292862630907135042067482054517023540283504
1554224389162847459258662418477485678252361741280417405773272894957041914636187189405786114741470370331215493356939292197793457748623842726934954887491495769886614502128867507817848517627129711487985723850913699058051836295861632
1059747317126745271955847417311349612433262883203911442855308154665831470756658630585395034641332249429217022323788134189773475428664407616351321591243614365959382882112985666330910368505860853570342549325344870109544386265740864
607694456319615967213504024396252125762873634636934742494818946403862185069350913609453447224513894653375763333153543783312624039344018813717696706479929237423156317440463138024584668997628554237948951309802424659341856083658256
304148164200197940455621897529936219083487018764202219234855905656451473888113275461910629109929268456399433565920429909080220438901144809362856365450099996170070227084597520595246785002701258644786183079761234281445816572224720
136232270979836679978678354117801889996149278384191222636119684644172757081337184296026209223032583852944355389442867603323262706653524202535882280019233170282126993340892313295413941619166714622085658419839782493977602039622744
55597520013244548705146714174072274040853317944473097609441722585284956796410030151338975740373125674029946780043145573258933217000270929141944997443402650244991127724838053379126772444913149154925674376106361331173031192520344
20952145131429196735118963204635988500698496075956135652044306328066099300136762384450698643249735027525807323502295443446769460372790661585260570069157331327657370870555419290646190144808957547259229907565184486124362710492680
7366990795499845636220592656569960074500353667851573014213375005063178693137973501125353233120807981243198556707905860973155703291145933458212333589522563406841520363759105191590842031242545061175455132778561316043658902711440
2436680580452300717475923113319675121883649310704562225321772132384815084936885175535278746518897051660303130603213982199377830685997957682278919109640613109291100282786491090488842378207562828976240530071357930097681499660392
763191331137720216370299402758193521368429030762810408383863856814234285157658579659968604654323644873035637975434944813068623127107281307963124042487861294701314909488585139112048437454838375410959666699157644329899124629096
227596764454038033828779314792195278656395130267434531087627739758077013697226982186806919997844598886753330921802706053671966565015118266834851188113087933703492063413566998164107055902354749332704077957294716090531455664360
64920044541985670195836614330400274040585548076766846648314864732337478174112955619358499418059214014437264088155487025983521560897852872243556648833561053716030041918539611836135322997565335981282021515344019572902854266032
17780732537949101227883244543267213333623758102881436622700898562216519453610245563738261744301723908416193527584208628368643353147057854812618981911996233777909929859517792801395894225623633763977520970839887983231001573776
4691533344441977589233995046469484770328212811542852322726309699553746428084650932307063267270506765022690754207012690784463725352133805441418492566395562396195606625972063748905399741723129650003148814756241179464670675672
1195956356285145789322961956613136934290016050563744283809693911760388694817696595542089489551562860073984496696762055771388861790405036190605204306291082300638409092066254782318706259376528282895768710750546039448223051640
295279100493659377992397910299772355798529912863705945233657708260523322109742490862766311378519809281483070744944904642796506143159504199337292716862229951599670501215616299489717605058633365582026262362785424499689515568
70764663917444038491804114633272145513561925118477830136050678879194751534326746013479322077347974159230662259559017176707679111543310749520863470080387167454900862504395949889614923315296236242700591338520789506210157264
16493231413679218888193740774509619975586437404407115936534879832548024337299788691208646557851486843407730723642013135743438655806606217058585167024201436760055256710574690462729365270331752055402959399759609663408416624
3744956507043974752963050143364657131673835653147750846058626541181016727571980479822552449210975595916418966476348453933724605079555718042579702899355218242797259460578451384662594275563277791642983801158976911584499600
829672192210537203132846259474570128059214395507333917230899699733054818794647137945810209164634267056709316186399008350474129047450795115828467439212961285554857496552402871374245452252526777408946470023365919933320616
179590844474116796965433286284443619207570177546262475262851615639495674397397691677502371404427842557622535189599790564685337015509370908842070067984147768076655374936178327163585692722607363776056088200187804143153704
38029479669147898325964835932177288536267538606312249365769788415445249073838168709522694442137568784462600711450661248811119583146574472135750349595766688696731102189419239729414129518376258909065066859565756883977952
7886873910632850244670985512074053621752942179667648502569814443998966001184710905040259371543175449574636995675042796194981714938249652870059232903296675516980498460910580967384770572137986734306561716567140386262720
1603552282661476456044251373207027399069666901427948535386794844728160723388588132024283513908841892672050932179221642568570277066648168217312769023795851417661137125139980909698609705060752580562906450335728016592832
319934787783974292400236357639503835891320494823849868377181138366494285132449800722893435123797954464644099913415679394384818901647619476426184173583421545588489660430594151778418754545356880257229777900056820321048
62691971096294601119627423265620086466679153975161139966943350142804654355721960240376112714239577318269928644661149760623806731066501524147359842793081736076728802743716259706406500125305383477182000821988271666184
12074690889850253562570437802116294117686199229356319079597318516688278218987881667277067036576779831282715289043585737029769775049779218382638253047875908354743753551764749347246864960538748145214167171915246231880
2287537088340995844814035703831058585828478019230413273936994230632790438627815643282372700575156694581590555259668441947259816619151839587655851468405677960487657625532410952243823619102481743863193541375510571608
426558342568091887085087411161023372399891354311825787279650925541151510626015510736299800825929225020451921134261866388644609767861765224840023168840734595192262185668042314136335301633148465408935312741845576488
78338513016456343336611909119993604818220176407813152718008187416798735011727785698025968456114418312291751071179097261314770425124991055148981503553700870837743052826989942845236314758756900263139887004591071208
14177761076860686232387334921610452028217881107055193747569593851965635730506858275300316372187374628974919632434270313832916364792524485561001055548820582280960104120134645608861407834269563589151864341645790880
2529919127319807798676221031857055648269329398144779270230597442869698348343785727991185925959063914130347485470845337386200192241527551366113265014752091759011417332453157288182587974327515260567412993135707704
445335699717248644571642832306493184876892865406167910148447636588472823364588041543748028942239355560439616193513545945729814866424672695646909844985850938932024454535827861466806541144200673546718314510767400
77366152351296287865889770932264205885541433561995450551253063058055837727919632598076729327723856908010669601957718622420653841115446310162381227080351185856785660125893715939432808930724949093819551852125976
13270418709061334413538774169135624336929721076985942062233939152530954027293666826420667642690617492773269909480039927625999423497934611578491193393106043124040754620313936474164869165128380641458635495620176
2248349750736160086940990602980649700992810801127155785750628938736783646956482111310735937742551116897214736357463218855021662183200653811244525064578347337111959688231376546002350280156905429049551633909384
376403098395421618142302115424569232358015953161359572190545156195445976312916432650568239331059935648811127895243687515567614359887573654832624610240583369975994213886105673115213074265401099108147110497848
62288365980533126423721162584811894661055624931874512272588785696099765121801219923183356455468437618013429541045170978093914661616097542872513784213681145898815708485486535875801855308598281766331952398200
10192252827868232397514256591285621103629019398639833228976671123052403278052355444069814517787288930978364374646426638894058770462781515650972614257448899581834697500136491386721311558103347586217592367168
1649603110016856515256080710666156782238106226597265411935162094314786797173413507910840301028437951012767504169702244365176084032319862592205341172765272618897493720622249781742920973552298550429564681000
264157786924058059808463380100497684975074704425558984819623613535885335868781621525408693056599699526296023630050813531861244363218569673254432539482733460786649533486678296409393775645287234753204092440
41864258044280605574195066564998831766829034183899723312900626145294337740483917934225682974619773311300534531715717642187823055054068782236275775422756712861215861989759750778943014332713994971455243016
6568013291645795696844330353531820078320579331487942308209623481768216027880682626886738115217021367400772773887742393388306753941901620005439337531014098466345035336010770893085509497280798413909997936
1020337026766697782011934504811737219918426572564257565269793572695556446676488762837356859933340808636201609610280601688459441308282742913919957889861382019162906704854794885669661600088436667927043664
156991021325417791213718636245133076769977174100452265086778390277662003038289169687056817718930370979156396727318665651198836957769124206448692471965150966914275188677005601293061558662376770593357776
23929006225212647972663325384929259621651269258881759177415898444832848027985000054329393757701619948823500230997802700046811246467678717318545676291719593406870750772788470863972078596506248902793728
3613976185136545729330588061101195315431245965140780901814326229979383052521664473752900672225760239052562347664776408834104183337149254612187060956865854068243970243804498474357479369411616488971248
540933748545914110598545505282075879212910809780003206616797592624074463892653630826027169854764990734837716561482736238808265067748665209385364442034173548531677216779602889633879649924820486978944
80257205061465161114883012049818238381598392514877628747072975725214965769332288678984298241162647683345734149460159291648535223521184214378645991653646210586277894432133039304840212396080918130096
11805490263061618389231173675510053730873904920738265029722954619730488595122982883902742860347942334610606871325496149990671010040672338609595184972331004996438365384442653412408255143026535835560
1721944255429105764024272528079972364633457920290708636954944787228225962091670470337978030555657527670228512582315291180297755809446352985584585003704376027063601301004003852838865814800797398440
249092479730386572687909302037766484373727281554213438535790126160009425072720079303290129684928571278340033778252985138260915681916002558120744922423431144207526508693587510761619625753006106968
35741815905038115670538550934504663117745978048041958485397978677319339191335091272533803653487070796069537137139262496421876368485637918225740160788593584183676328498087429963463305835510531472
5087821686273956241811592876871131834536236381716164847382140221745161399895955469181342878550629006545481343164603675782690221885537145687420142049162674946552794854078036391272396444868100448
718601648764658660380070223458882102772574038741779186609853661297199781341898912107925663281496324744925126715336859697947106933923692608566785737763401741357869519065520287074783621110428640
100717407939494709120557290654809291083205871484125465491133527589567618663907530033807620536328851626182474546360227676397951246838590251033199184399817790568131159670661210751254145949644440
14009967772959907197789794070076431785293491897977431666352299651410361788456726175025052346560567354609599304709654877268890296525214913063577335043276440804890494283491238970834656706474672
1934370775111045926327169413904542982953219256752751631380876624983165762222011590445301051321630960341415203611100496432197696071835330757470238881230163742242144394896697921712925969026992
265132900170509793615280314305075050894280925449209827553559925530011093099739526679733790305381671904914301987869769688255669246480741728779673672397380374631636165653234356655628449060224
36079282146226734153997389075820860896093497986330155697803759611694580970857034643281867626267357959580957860235124582412318670907356261230107923976409738767088325638272272173398324244280
4874941562037507023560918437602552325599383355391107333077296698990537536312372708817279636729140101633206378140173398834474901119243322155852111035033914671061148221400095605376789975000
654098343219779509954054474385463893839877888384481355248330085619334635751069634760512495613161491328628060787578426011597916300635964956927640800536584971826145008344045273929172962504
87160898295303896009560341021342764802225056816791475182813818663615689522625361771324134754828529229502348175745377530133068330382476201415135049856613349458921553448868142631738782480
11535765364885793153572783228844379485567392017093267155609412903605501822629152211024999571586281086009632145808822073862327771693742353594027390462358774587236887842440089269048519776
1516549158973594150266368479561790066760527499936911111131075859491182052363136856068991235003936097155662134739731230080858506902163572689568881696452454278264830285482095973627832656
198056704751810533405778124692162033186728969895501214324358441162786983323578611180018402938568738288765844499354623536677984751487753926849284821419911665708699995630899017506327384
25696951132543445534450697217221161305504236012675173663044650062672650806118478844968372136786867774951861003922877542359662684378505345650195097927501466005869029850832015217857504
3312585740808154789373778802409345562446758168030050055570772111272249165340441055640246416702781733412393899207701365628395835220295781025201286913836644789510783554618894267762152
424305990515799383135353037259871384213468693155240606195881714810630310464530444020078363996256081675483592383328288575101970388762213247277307495477515507037750837043801397936176
54006910379975225061331952237651606648860377219214890666613491259513417916614088261287752600563905871548596430188666881143639761510393684658158420807523776279691408350696657557112
6831371873270024181640250418161443183130141419006429778067324237180652404303792902420022867598577359638601999705462965700833429498759889131401944479475657960039062186000589031472
858784019547855193292616888320776177442750978259907173951543553913403558039014610394834625287137463901867341196631433813789080330954789744638719011120070219628160860581628860368
107301351479834177307681751844417577065695892374132945945498416310906783760361297611585625715704739243070339810763902017290261594294998842396643997501178791075209180304480952872
13325951756264126797269364539988593867346016877978383080101898103096022330862904242380964655337575427190959572349401185596091231220829831215889583973478792292279129393315320000
1645085784466626455009962768397359128488572624591266435410742953254957958697545956119935526595906054565434893151029733330707340418725314052682035560167254780007944573654815000
201883348658537314955446417824185105788856756044169934672558106723806745269207078632928737880820116115776133155963433845853630331606089152452183629893724297599972624078984432
24629602630284836018605581053683405195007823521308384277002597956123395539065300467637673492117677979622198842350601038236619892636461179031864338512987081399463852992554504
2987318783322766227964853324066058646722209593721411834107286336396364469228062167646732934788268431083052507344611128207259929569231453240515128810268889192346150178753032
360241979306410566315426830537695343950778251457062323174621399218261119194911028490518253543443803178005432867300360261275920475593285332291536736304134727925034244127344
43193265580677439709768205633020371353104426818993219654453269894048039255551756749166906268301141751522942062261747733145252505005234609181552163396914798147565339287464
5149513475696282515976560328487289263885585885257175043374767306439440314244482369918997057179015331389965584760910601422314557066936371629875643777695498165524765540656
610468678870649178989001971626619548332991275962131291836409702200907059150653951003608929446898698175744928106062532245342613804637666076557232722061214965061279422512
71965664008035310250039954843759293428124458593685981822927585172805740840129643501394595188396451453595677146917104822553825586370232124241308523051637097130073712528
8436629087374421841855367349665789869686770342670417866281442799695540107361538307819488469394991975725382376487579948433240831657889646106122358579368620379428552024
983581489732024134750483829888649604788218978840667725660318072787652074063194883141170964943156459500593046693548575440784705423975511083142939322661747096738973200
114042002156787118470975459733045630437863353550203630907494246365533869888122180092469709795662136937757816055034264580468269348508814022211760901497625988286036224
13150642750171665791373080732955542465685055475978016473638907762855772670356061908690347499081277460320427525930960049714999350978785161642791745571194075856591824
1508240555208004393171274044232506434355334052772680490451187051608492914473094422191706042329819978280659467219704196311190936191261437843162342763906992951363280
172047690044882170568721332619489616042720550545134619429749289847788095355614163245792050283218477925714705409777552077321134230195915294528519648335363481010112
19520641420463373535071133672339804762383222060685135951556688243770857151734996793612733471779083271971406465020384710291705409281464892854891352307974348864216
2203018039517214104897981343607165514251664348971607870989376629255822881813173878438787386088286620305227946487095371563498768747391194080170459401072247361128
247304382522421594769620131964898750553350884128854806246233931083327803510347003486796342148929680589993203856406976072706144533258776813778521224086779589656
27615045721850344826727611276575832805257001533972577093311448945790579473270257654157992389348569196151919444771865572550799739459883427980524292719306083424
3067394830067545050753249372035325680788879856466434877173204095959750279609995952362983716409934667446043993377054356946666529840603301602284670073348165704
338932095009449315952211060113915163910980404028508966616582641282045523216999636147426135548265746923769362061297273774637706070217607629255402067155554064
37254894346166749978067737706739736178135014341202129734684825222407845226358041426515194278945818663852843524629589961658471194368043983022435072726445112
4073704498844474589638017829045330774114136207574899407495939704543514478805700623835927659418720721741886987607314063738980463257836564411868989806947816
443137582090875987709974562586071998366725227138792353027802785272282989311356656648136118672979120890274390166861894373023994276047880021230804890469832
47955371854707009912320659164764278501955015304870353493178913219181059942093942024982354220874698236784464126523054375139835479206424683369445525484264
5162876402209388459653473116421145279916225879587210609359802635211511272513752314771616632934235432515886878663447901044110444057713526830258796459904
552977651358959429181858664165453597538558100838957524862553753855129996806384429857367661362411395102989125253928747981299359565031140518683822460872
58923679092041386238665203689045717518766951758673632383969923475592702819734716303590880241551742758194337068512629122288190457536246414928087200760
6246590552050042675764536715896839135036181223060995377775004212025198582257368588280886441249965205998399496804660434343319495959818063141126842128
658826511255687269261319940961784826737056747970923895561820034892160529989782237598329135245325439372721426332720401680722957828878175258897641480
69131714173438162713880516647908729423197141422914927464710371927373027609197194132130147628474146019706774583983270077629550079079557555823737680
7217132270024405836695564907108804794694818431857278152022501759576710785601412540620777856430382153929206183207450647146734407058535853428092768
749610040860104307691906227034473008519143099156751201490632869428746024536793697806391962587157407541864260942414671240010657129270175442801456
77462461440214737448636223337830580264140450540640777659075719832568002101344189698580211920118497364146584248142823019107820999550846630055984
7964043090526464995385278320239621769561888962398454449397500168935645227385214039427420098633090891692190029630731496202703646845682549038792
814634936018921121579007210934508814589838478899925855787505794121075515158948908831667197572936152837320200661052576093948417262971512725856
82904816570213272881867913280351746177542893812207569030214345605646006188444453312511490110097100281505633101457116816523712785241473220848
8394279871034084633806173101814231654231237431146407733941170297669279598483275896156516968355691628932067751701896205936570957665367251328
845616003567298628489787153838422433426832945843043507320329188409155496482800248144599245505817513264408453976867107879489062401166528696
84751538642649529738000270491652976171156967372748846775978085569071271283915226023260836223502422387776550806592803126770239059268101968
8450933509238940086263568411777654165543941575459800648067821801588277272201611637077076656705388317849625661202564417273211505951688056
838382067473617738892237886449762059723900263565333972280117842158320763172766717753741370575288252066436639104657157827395250101088016
82747797385956186942036497847043799615266670579765907121099873804375042506603107145586465217550094751542810067499680633398588038193128
8125395081316753987930280605401089025221259620383479724942005081673001777071234357789874095607032621786042979958449186478474423523032
793783335428423590524862826531539756108632947447114646143967378466061108505470030709159635534625568839890768839267452298147460379456
77147919243826932642565390020591241848068542736102850666698528217984210689895060798708557515171818246832923825012684842969207386392
7459435185689013559473649039917024337633679333759088118522801915841536473498507208534933263535552671295695292165165959073547078472
717532081231179708741968858165096660311953181992773596873160889377186521269117598007694544226496984304697805271544289384094565208
68663183242670450737591772286506081165143578859991863893391726253869290918928905800149243142337054332601109081900030693008894720
6536522539399855324080972608197585408993864755600030441465992885501052988656979935539907085996441276445174853556492359327262368
619016458239948178857795140369512137866714634630385024453643796481360031118613808032459879747277159993905295159086733602589376
58315231155042481344356333394810031309198485823174198637579071582981115236716976230958239012873942833116376481336577241505552
5464838348074929018068863095466630197095708433722592873909498165030559848449693816798424539725454949036019853138144005458864
509423118195528295873898251381697410737336681056535181418590283072634778072625466790777202520317739643786845982890341589408
47236295685973917980441336133928982848947101436347671386683146566509962068535551745324546133656673013729907357154341935648
4356703807733783438842906839931216086299992834006449085227903512369864000366924366692935297973024249418491980513536026680
399681212369926827107643683630603921533597736797206491458016837926436879895680955740887915281418781644121648091835210584
36469574334486911259494806574490478225254853943977186247226989410885045498614352169697783188244933197831901991416031416
3309755789285930980407954418029333655541286395200004583799406212136448440608450257059412761247544029307881402876163608
298741655801566388991426052799438588449532284532718857038926227819224526186545257967156847636564387797894038456430296
26817340037447924760408164594672691088781477119072481998920645067524910843232045694289654782759192245793116705870016
2394089588613232288950920096369298554512239684686244997796281896785375342738511512993354059860731393716866480599640
212546400608166075109403127038584566888150578074944943447980526362256479573420412124509092349927061118360907380264
18764577234592201354334024616314873843862113151683473957318368224993679696267826067060095836138850906496776329480
1647318639009649003463442639283181193483756991197713541792802258429110214821434019848378805048177746758504334088
143797535563421399106270334281594671204919688317241177447193436538107666698800523294178062741558649665737096584
12480745359298311697805989000508127817107187203291582619070107470336084926334752499889220311424968332679842576
1077020827608031937284804078470446795772852291999967446826508815853674233277091364146278164240777496083308712
92401792669808273805889715469355073410692655106912166775582650606802459301815484628693826105226072789253120
7881094697133000267917082203228261378271916317461504306399785587436883663307711801424360618953106526608056
668218604935841860659593939677791774747845613268954521376355490283073483724171520514463308528607484715568
56318527654000118099841826887431129191648028323553307196335708656031571177598595240832038314272860305592
4718004528551785187680938157180268357587339321884998824462353924080414772765517807614787435117895282880
392836731681834069520505337851896272872005881229327962101002800521813337589296762306103040889464068584
32507495225354738656491493208238222944267365023534319347667788664173837790102605621848475475213777464
2673266275737026371406616489687326399744554826950282623605848108022471262606408462435696304053311736
218452176400675797202682636216858988807616197450977099667709144195072958211390201511187001970720008
17737507673460622401324005215794925302657405011246135130712613775755969673678000541863902855871912
1430921795635982706133368897748972973695611154902344136149486822384474760465485816974466696756736
114680511724387964515252700187145529214145769524538478225228616219577421185130719142700857605472
9130096029797983364601582206203017215535784756271335931338904670114716478564180038246058466776
721992694594997552741392248352889978787070521921978712319090483696393382515180293705539711672
56704796534631204051445071767064445169984991637414629489651147102700445808669631477793048136
4422747025326756852876445564129566645097015060654916572152556597148064915238186153609699728
342533743126432178682232276868125759443890886260766326271675456072902597378713016139109872
26339347009771334416469746480912547780773928366576944226932499299433781367547842183923432
2010694647077462920755473731999933450936173039275040670517195999310616222498177351359888
152360842640225707804265871453143784899807976006380787735708112339901668278043525938960
11458580950927718837478143961690582758722753334373976435716967028968865979010663302960
855184797385768460548516392795646085780369755873769832818890849126127698119781217712
63328532819639920056354075558937406531226377281450053758936082391031840884808477688
4652484823240282033362480940146044319763359093284648440842421546006036788380092968
339038756634138459225983363518579365762706478467747799128199270711807366265646536
24503166927351383202778392291041183051370817362894416216794396403237958446938800
1756022263451422938983027828192210252885235233308577149852697654194776833712456
124765893868571074928899201011155665579784803698774146272235037032203445673504
8786978872639045655805372824823751780511492996045542555993789882833380869056
613306362520941559447224128775555762631061982368964814865714010639715773528
42415292467379031115538228876148188861829633424322664762202607817913872336
2905922851322461617491920835661105130198494817659833516881798353638513496
197182555662693238064512161299673934034006750160192959698018879385148888
13248865487423616039674851641104467611024724750911849064460156961786264
881281627163319933655189785138842338012253586493160712439120190496864
58019501063083836191642352126407969013388275347699490453810198112176
3779651834026178749021662458813639280007732934944079729079933391176
243580166731040796889668355554257707522605823941729088128705487272
15525210796057551312995801582169757533723332057253389747131495128
978435285532172403595003245739509590264930295214453736207310960
60956648507429523018031814695485353859198511611977918628444864
3753213366616462943327445691382421657712733463322485498069240
228340499157798289634553421293183614626607816690355215210328
13723735609531925489815709018816985544008680368188930018696
814693387826792032586604204202136827122021774249381257544
47762243465879300724387809842809787175588866899137071416
2765009158544427006410649376649050199668626260867858928
158052540499840520012972425624584037306758999757388304
8920558316441729403106717063463399956537464525927432
497143670069462326669046746477413689694817639967856
27359200309765016822788602832951386031490062057944
1486965747569681143561662247204824297222599177040
79821414223003901053196398273187009421539812368
4232385713640427423441148257061250989577054096
221656334521281255364794380635844793992517864
11463224774114676080114403094378576492692336
585123870850545575709500686213671651649824
29452381879348841791830493815175914259488
1459923899592310905711029508256182858576
71125803128604840390002341178999504280
3396760373040549118363594201171506192
158475042476034908857416453074293944
7191943893173465421305667428404368
315799107052282757672229312696072
13330264481072076040751916235872
536552254107015126724153237536
20364556769465923908836441280
718230573837683982931386816
23231706921700239035800584
686909287209419592112944
17847675568747443805488
342877222852143739200
2976587147999632464
46641370248049536
-14670575232480
-629435302848
G
0
N0
11692809017749686102633901737592348819570363561441534381588667384996599583793597017383572242721365660823624852564
13246825525946960594793390357177952042086011891544863131782194724542597534764504189064072567281427183474397869136
8517191466572381601927768576734528599208554568082180512348113306821913968145200121207496932632348684339341937576
4052098340926367486739138618671595338552375842233933670363173801898277959431815259637640411761411613639447572284
1580922420551632965935853500424208349087323682403599810662107577543249191470274708074259732999117757469169911736
533806128777995708895953928149645188270885960801919105049652809766030855424431986481146679085041876901708591100
161162550635034785841611184426863260108882611642338756036961539586041904146870518180137397039397509405352019588
44457691427963959640963170573936848172258303311699575669106442597926636367144887958406760830591409088495002096
11377458538993421478722353206430447558296065264402708312242283942692332445413142855335414519415429528879762980
2731672427419918210126123020660158133621987256158264525184523424623562990973670833331144702515678267428149244
620589074748680217323229476748699590338886589800163076421679709314484743343490329507920041128550048993840592
134298703181220175666623869541571332957904393973147648755896043338116723502155291174980915573960552196296656
27832365818266618209057419110771249332073468533679847999476873466458253757541239626398252642720022968058520
5547877095316419632317757605196898093923773959365431520572850003775580921709608410872695678283088509050092
1067487382921206800436385059634540688470801069506881530664358106281676542881880955364795590668316602753132
198868281640613024511603966731094557255699265031088789421277431219693477400361678306582990539473640799820
35961942178535765632223233041277812287341664115536539458991403078374095295462265076693304783922965274820
6326213109749718191253424037355975305327611182149245928969939968322134614234714346815506610641370533796
1084641206851589824293129348084337214635520638059364258975473314843996782568711269197377375181804802680
181544062487961248413574278736082733734513667000066967276012403308826630969743713002462122362570882968
29706763199695748363286706050125360512001831692583783610893379761676672814519558082267928322258286244
4758340688682775191052237261122529761414933490460236259292331516003209343981071771731937087788686020
746912229504458569070124069369602974357538444717428889557116579152083719510586489797721176357165912
115008770561481932632094249095680995451310452450659457066797282082535042320751628410823609121766344
17387108044583507631581187911502787806696827873522048853193034425925502573036648084860895041014776
2582894909160830106798562804046029458323695714147461778420344130458547108927806995930027071682580
377296339016215678221908706087524263274931466212613237148526300960663589481631310898469016748916
54229823643715451838504196109672263112853128471641994442330661275109207826387741677271661451692
7674148995616953422522409729614211380442709397039414532645099495705590938982196445019597913648
1069773562461601037506497822966880699971144111042330460667184767727603211726048450786704938748
146972250286490406895851254375365615063930805659690175573596659659293223232802812360881827800
19909219758354115685439442090024507394698321694638339900477904824786536938549901642221557380
2660267742709303504624479823214572184309051528811080386199626181114641978782325270110592380
350760235892441431672881290820302210190588389913837517044028743564826023542849477587770012
45651732514977494875412774667712612269284247660274088939692745748632300751199515443087628
5866805079912677578927097839651303580313028000100466806488720894366673447957100756155724
744676723579169734449922223612672007028294748741879920395171454494450925159500837265572
93383355887865690837214446952182768841760166972413745490705126398799730639634521826420
11572070094520572807289490972083629266165876748196734467667718360814191792752104780436
1417385559346696123489144681256005347987667528770722611240924655207874327671515818972
171627802986294825955048103089648157534707044878585709752499968667044486139097999392
20548953038435228808089535267268010578728598975485575392880453144353696094106623952
2433138370669879832728738407831087346783344191110495629849849801622881014202532020
284960690591622227534609320981538050825800427293492267679387658515546856170643076
33014435349673684068395362175517933280167320872457698658836764087682415615133792
3784228832076753369114499203674864680024888353765365842897071918125420711079828
429194081362891473235837960155809088592041158561652878318329876414487530913964
48169901561478847575543332301728322824129840829043643738432448717130296454968
5350338639785350659803945974319981882134029499907964827453466513560157916548
588170357414838030635205336911907643685593683010007725768091795692370207772
63998454661694012762100698845402897420559226210864946824923569743000561492
6892930342160926077885741535364354269454357684834973364600268839446654240
734895236459301895674695254781756679658814999136714477914639395411571148
77561972002842734005654675637066157592898874388559647165149129911855424
8103722443838682884536329971360077302800040351014872219119081156077856
838182872572278360218776472676603687285848653224979874725106438567484
85824942177600624425378617677822418382816707379525767497565804319016
8699746302131741697446024031043191709230150068125838583434556840468
872994716161690115857703771521578035138568640205939555224763461896
86719748665152934499325411470265174124421543649709324553471294028
8527287797860286102954961814838576522899231514681460958948930344
829986755123896729114369057154696927701041175270827604953508896
79960431839272079536713427540034444801572035600719742643176804
7624207257778997058431105051585633083702292330957492155921620
719444091558252477696656107414239754262866873979817779236380
67180707528693243603774328080239291124471124661289555932508
6207184005198969660251633985120558761836807844945657796924
567413038932397413728098084390061208114825719205515833716
51310386282244757552725275262870298322184605667099187460
4589373453735821543919855023994337830132007296730410588
405955486375048293184683717167655754805422342351756200
35506561326354062174994921602358555950223721309658460
3070190896468010428493024446056884518021737990998316
262399323249779253310525676998440213254681192490312
22161884059494337431131041757009550341547146991036
1849246492368475811647671294408699562480746913644
152410660860698080140160303804630357260347382324
12403564233194370604982836159052276071765238928
996449896117170470032856829437768878894802760
78994598411487984201472998855595878985080228
6177520080629575518286861810148651101252512
476357465929490751625003192997851340235936
36204679669409960089632260683083608052492
2710828444072168857230603069636497340448
199855990277984021881858104843381848640
14499708853619103899290438182532266360
1034549713956452809681941327817727364
72541509605969754175770419610930888
4994866182966380617660328925943536
337429123240448174193796080759492
22342722151609632160448052781980
1448451915942838849160547335904
91821141030581107743244158624
5683723453179520199219591784
342977384235097515203331828
20138304945672407662793916
1148037026557236966393972
63380574209237207243412
3378469733975441414544
173260968169165763748
8512128196627376496
398630194907528520
17661593521484784
733582121491836
28552325589096
1058644082100
36040438824
942070752
22692324
829392
0
0
D0
5421304637983763653005550018715055837398357312962716400197796201337683730459728788572349301335496871319243849324606
5171957090964707705857054699470110730656787017376061096394409859802831725811459220939134661057173834970667616475156
2927689120816562964420504719458405067050331653382853888803799099846939609450154272952856736450089528698483644820176
1253852400143307346516744285933874022583901863432197435173420442747521032978269098623618941066560688924175103307480
447017307318316538244900145697836250025161727472582216282029852421322449272504470281684627022765388671797869120912
139407333554799903060210390009972704922744862026501568242890342680119885518390570043415022652222197677947926807784
39194639868635718612192052107409300920483012132200622150158064133823300677183654439346394373805419348515301556420
10134853272793375552076141203480595192537871832079241621719154320417158027897858221974365748762990243747185613640
2444404167399761691444435572770274454123647703836877636459305600360422817632171817118958319876739829922175105084
555637597334333679043998370192185085203959779568453390698088518545884694208616813867780164969125637377968704860
119977231898673236893640294239904062380868623463913031559960330835480848217584665934859141111845525618583263848
24761220269574899336392800967786301624567824020612371337840016603671672706896019494083905048240802174963567700
4908524542681684200656205919484550447578625586644235683721025359382212400701445593292096913203833243949808216
938375379556804524532342132210451356435379783229776090669448878096593593592679471640639072852896670252807168
173575266747490336852802992579233660020934465716846934368286988910230567759891485076124484824976658650011094
31152259547556287285219135132495022728089410893192571277543350033405517680286673218704234924360235978407084
5437538820424652441358772679532060605476764722905666662456108198223014077180670369314692385950579734175602
924909995959955025672530055526698459012780754830330664315907139831758760565981267316711045747936831783148
153579943111242861524147123907992552627132732986284421336405785327388143945105054749205374204346890357370
24932335414146604747577682620324957751951921428407343061771809431925142609220994205678679138985173523040
3962405682514380204599980495610106184355342361394454246863438403718207168280434898539604639490877077100
617203379423265749149833567977339930454973177663724046688360891001021286995236217967843444156300997416
94323351851478736294660672574549433769401987661136074219223202195779437997124179977397646476601024714
14155680871777775430259330518685640971595000706366344311992992024546305445527234169250707264433043356
2087948294656695087548415431602644223499952831784334573962329465880121130080886888415012264863731676
302905034715497520081027359493076807272215795995792890813980300045436274103363557763670935836073148
43249351985083953387554653819374272454782559199787165492071265770223874361876311824823561999652452
6081348132274605177923537480158933817830415279223098714826547164241825423188143864711560848739860
842565349907768650274665753016357004048846089660391357516270334246294229048277619813651021841400
115081485498068365323052127932652455519616311038472098462102142001554438956872885214432093256380
15502468865118265286595272318761193292702937384220792733048249941711445427302484130300602479960
2060478185963024742968846980805622451243169996170711276409874218144401452505594174529199947796
270314704860994474338788370514780811973089356374891996426641498227562812734431828086216840182
35015041319766372098150719835664028923839976981486133742682915082447600912856853331006454892
4479805397338679986387287232576168308270966532317715554814406911280840874100531629838951650
566249634397567632395183739430323150241152949879301003463182468923605705792836362683904380
70731892997852922512278628534117225935607388753072159195159045072382621558666723804276218
8733450776989637489093323308092544882118359964497558113574651123836234241319695276853884
1066143307518504082890348917698119711180307381861520314075489024822925172849624432943416
128704022195059490056504225926973269692435416508820606978646003214208672422315321262156
15367231634986226848418809347832558040022276032042940637700373821286164953005370025910
1815094598785595324485974446847788403246854174409834067087126554326875320702573512676
212114107981259686342648921148851219188529676135794910046994795008079955282092188966
24528269060757752753393283304257415331962528087308741776542728974729999835386394120
2807022499711760683367430007854140513624629664080047675092281755341444878805233404
317947661804320643970637448961749870670467511166214533196407547900129209296787956
35648398450593379848100900174253246698590396230545409432455349014967685789351660
3956744347666900512937100436923961420701012606657964353299929099591950862992040
434794177789492528662220116101230645283801391726117834934109074451050082508924
47304976121184298247247296367852021900198330016530886157548605130450547992908
5096036400338860695038301107715297849400655368648585857825333921739087005846
543602861882897333929478840251674763126611971637914833275924950211859172460
57421064030797695782025699272988132222384696229948156318169585527849070412
6006392663972355388380515792805939890088886145902053592305186638079471024
622182624566351702483092150497327515502829871983684235153581283941815660
63824650491248248588412236899904381754992632988803426411692183647058208
6483749564591081224966589182401263535610169002027710899097074714227248
652271102250139915240800405625265142038127689853797169599847068336220
64981113261867287582528752852864650116753858776737477900005781011310
6410505851400798058782103700550191241106526986735898966873112842028
626222483956131347711410467978891891848225254453397770507171779828
60572740964838018664904730129177537985725262489461792291128823000
5801160690207091081081797257691951276150218586199395536316346932
550065390325918515423105221330031396954413523329094605737036080
51634955252915115395584693510349711922833346901892496140734062
4798076349055772939488577173548044585321219109395290621621572
441309730315704256561808623424219791145134967027383341991230
40172338890671381062659669895597567120934059303441323372708
3618821555766543474999546310154599163990026333443691989588
322557742800552905444489865684871903417540136110286553576
28443706727561666785353319858256190607414468616870829978
2481049982782043610961179040777236334900514960931892296
214033255456288447071351034498497864737221951722517812
18257548212912294598842701909827178398931641141646148
1539681434804820349182751609558044872198661993569592
128336577728894520232064605003407206270763048451572
10570528724703361864522962962260683522732300839190
860114007027205524613074016951281921355608634512
69120175224414017198095859850501862238085254586
5484142787587118164328042059297817480290772760
429458828895971402882782234879782038554727178
33180572089093005378716407332364025120964852
2528261801935893382990142593710104764633578
189909358487023937946141341569660783018848
14055599240618372727313382433265907042328
1024480432967896566806271572435058808392
73495296252490513448193790036976732892
5186113391794541075500666759215481272
359705766423804959706060174803196018
24504130919151662774125367818945572
1638112383258299639864792436272004
107360124058539750140644541958000
6890790117197225561579978708808
432607434485031528601339004484
26528930775649690906711739598
1586587018887140760461591196
92372467091426696841299208
5224537931842365812535564
286364871164694756752040
15167343289017714931788
773609673383470825680
37838669423642088216
1765543133011704510
77980791309186360
3228488882918982
124949803003992
4537720106004
146899890372
3357555708
66319296
2173080
432
ENDPOLY
N0AT1 39844171851520632584304548916882534838448103726396718184228769956480322641635957749208715136816336021074821005900
D0AT1 15413708222312889706475507810459906576910247142817033438305027516921597696781490929702359232562610148300454373664678
