L 176
N 353
D 158
FDEG 314
GDEG 0
F
19115785583642780080560980671326034452917233244699537126824676951007714018771998702335877400666953142924797133050536537799424296402124735508869893558116359881789760149117310327244479792
38952035307760184362227511446271948806419527779414637419988601475390873069386385271157448311049147862981033812453608940546861099104369020315445767454029850641788607632564997226220564456
38583710256964493394778450599565333381731722736622115818231250514191246354228500571736444145054399041213827452920938886263764446273569924492593303712630977537461981649946459284549067472
30051299885923009863370892382268823159051501428530562551675596812784491374541309306808155152224696754733598538497135898892233580462257331447517496638083259953714734336903928275952873992
19282009322952797156182379011699200495112524158680559296665238753750230442918656306339191096140244740431245046908227156649296447396677924974710542003211346225935647470581763122480091472
11068569012172369275344431760019509177996457927723344862967204049256580607401863598415636383905567170272968969089394397051886072604591293271983867334819969237149959211814233265544029048
5747439420931800367139499663345740090088596373649013095928043068952285227736325522610107526893220821725692722821783450695306968556497009806317802800022453527159769929480540004720468552
2788776482762434232742763644100872470035560761747360668791118540336479425291511499431389467593248621305182210773697530605400704963363599678356241385631799892632566906661000601629070248
1276654495386417075383490581900187626357587022385635694449381841353259657788174313133012185481192038946956668614572692640172061347550142848115567591766219173040900609936215869264135040
557225557327076505834755527390034203252304188500440253839026204582154798493631442070759493166867115052918568813771376527784003142284014804610668893978043979312981395466971496017375328
233693684985998613337723828310616813064888754950369466433027845415605900629960816617776717117681532559117059691038816851720225727451046427252390008932578868773640597386272263995019008
94667571577210588789588253774837963132033077524940455059742337610293857019244932984841802166786705466494444521798028321924104288365659285768614691118496023868178394848161922752587376
37168321650513864764477492299606532461649402115810412935827299463816444501874081839277807233440875323429182163936042047105558089884180122578778132704681195980695644893943786362706792
14200873264207926252525491044643835803595210845381375819434860932240838370369724303170971409813260223829830799747999385732512059438585149032934241382980748642724738387218356021622040
5290990491767771079998868941878177640073077910842074310807159601865161921418850496528596529518900305827041536204422804030824760185311182957111055361339825417796832084181985323598144
1927000180346356171521354281820585301410207684212911210276511853615854651744899152207256780763051866543024878676457863152053956787441232402479320171304718176161688060056832799986856
687387940727087351750799178617739338927216960423366899373241456670152462242662128120484875750323403226885797983346273420597661094744740235919642336278572491689446792546054987120040
240586559853877070819413122350418728957390667547941984032248012370096199795284226965334895655686504556771938949950491194711744873907585112420143232155397538869343872895919014327160
82731745993600238379462916988904637234855096950886723557930626784011350591837382422410444968504650973478321396534034668654558145361125576224627944612022050389306813013951326344288
27997600776237501442177652711494113113700267340504149086162027155789396074821156130416869546583271370054176763902558126765113445648861561705556767226504369381821156766852296703032
9333776893470340677207093746673885166340591653461746193554159476293103374054956166619058115698766025043257774804275123819766080985026721082280045124604656149365353406271718894416
3069270427977747570346775531491825043033884165273416223286144283399431273236533995300063549412374617802492089382987532795090852626391989327014189126892696320313217693612025324128
996440414455549509919488109287782093423698147386190632619059945446869149516179804849722464704018524497952958276461252099201517494428579099378404021138133116372235743411871902160
319706760393887893002572622868911794101402500710628121785066369803359307890973504016588903077527022651734237441784528403854816345034140873501681294991024159973964105859879015144
101446473929852587232531325732409241610932366847930539432732653126254316703310210821903308088894539591568374002805945941716126362502924828104029602172177421273120150658284568088
31865143389536697681180961335201694504419640899887167269780957695073423718013865375422889584650617962144482021854751101060779250107577953013867775152190886894627718120030067248
9913301359534082899678788600473607659387810999032588551870848308550097783343792773517600384292234166080367436948374860203510527047270155375833516532545944950256452469029949544
3056944369197993101304000298809429548127199154123761384049335145948664779714982539943438415410665017988261745032525970266663700205327521804884785297244312235365281451145605520
934820283271988075931583706110933896645865938931303557124973671719885323409936566370754208085289263113833679072791105901204493219208023440785144085360299431535914285217104144
283686245777778235146567382497323461505344549073986543403818639756486492137954241508585849461405392892527837332024854282275060968200781725298691689217487095839384872763172984
85463002810373100827921785543932225903028280665617255653797131077833827405313169908642913873417096890045728286886023768333052368508781990708319890313153757460387642050377200
25575777916138395183404908354539462207408113075759505177946768140856612828112986972586716616329575710540440674094653355374225843659311759583304219874054802803170232396449648
7605326395386892006732015656440106977396270713596622829816933300080440123564002391712002615540173965828201435668708278237994406326293023045950923157002974938720457627933008
2248550781940226318678326067182728285203818837291711860955848469861806763197177155398658481753390686382624632063910832413280618666082642770391459957368961782735512527174352
661141372420907390458411463528397900621418985712991420080853589908849452449121189439347610559408549045422086314263253587682082830112423931783680998446183793842535947353000
193433296734664533121951458509073916107741078518337596505778350912379870007849294421781792970056907906807564874505755207815278759835799581651301640776477442291947269007840
56325250679671377653816582020720197393565417420852945459350996939299796811113640911823939383256728410110829750319005385887928358629156186817086338512423497033452331947904
16332235861576016537891377040097065294023732298375945905253526513254534950194879240776127666434658111829315413317421467907649773030150074024582143564787742968868313093464
4716574705599007197093813034964079637450245227389019035162943545187921494630454637961607684901551841702326372130614076602428259624982433106292430713415761419647688021520
1357290793055272583975582120122635098079019124249403270388627036379048762958965145161990471459588018531914524072810455109346491570336721174177802331257367942311990604336
389260792707514220771585138896059464403085701667542968686253336845811378169087301416340193569884314754448775688901155208274146533873468838152064846900968654082965605040
111314483366837048057271336571443845316946725777194281230341930539197715543337743278960270490268533194810459516923534425864997529617507556002576791893786298179745953144
31742637287699355706601209931525299308421707373074644074832893680552969474085812544286502582223093090519850632501908930857726168731504141869577820185174955607919670136
9030976776705944179120647267471546093752256120890327930520220942607290524921443761079634576654523697473273878705202152209878318542103310160519510134603525951058368808
2563575055468042637285791514421414783288905923638765202815636627702189377621063570089477390072710855716797270684496532159896546449415136986129912753651570004004364688
726432185953141294548449731864118588181395795197498573402499510653781032100627620747868393436687619749978446002315405571264249435474690654544194014270070248843526040
205485651340751403270470272439224605690932302852457135759949422198437615233502874124480770126907197213895235872496513649128384190098847641824896682831055694591600400
58052056197143114810831193702528667783661916022117532615095691725780170939961272620055866071556586843806767777512505016856138567147899790050357131691968425647009256
16378821712997121646311021924678746618029712549502618497896673185168573879838927329777462181142924483761153669982124004827968870883232453002556886545148734613359760
4617298621668095467448494405680299794703370390151515718323440209592575171338062564249174392646420720959735755760402350825012523326900673323176236420981744824931128
1300426523360052119561512268510277580706253703963396727471662442448136673123974199999463922444523528958023020925191096173848360999198197683862560194038902346126896
366083924331567339969518591153762911365357702334880853284430745060581446503553600586301521453715634159691804513863788041823307020776871256064362444681131211194152
102991667090638423995769278403804490236932755251430831375066476348324719362540311629326003603018092197159945667812545827982818038136506499634733456536571108836016
28970133230276547888120489826036820582622394140824210706686736669414650565049352639734398765623799173887155361992348668632740442945199401451329327815793536230736
8145652677423204856481423931251483798619067353807268364323435800117062927432289541253811796193621761691628409350469159138852589997600630671722286147492555705496
2290456055212525395726639991947077199931918328067333548379734165198709706340177359042567456117148247976829302388730299382478453763746695274983887050665168120696
643893484629122922961333353514619753617949654212623134970184699085003124093810443097945208671859401106267302982471335175990650485011454926382582419806656923152
181047879830864554845629506792393219912630311629517039222259869687384504114459569686365809577431029743949720405940754152417161862402936800243450066572122624616
50898731994054556851767276298132058209007485480509091993300185483641198298535967212073446519885199563925535431353160849384850518001784632809513958596322690424
14313325525478923693262344029154779434372489713692895207347003982143088235975246847450433931884933085200608770646903399060226827045014937064532740159695676440
4024575723751533247904953200742328053502193354173712261384364816406512823957938538820445973015694004634851542733250809013422974294484742763522611943624295032
1131967054188632892366317674002332006632435851453378923882989109023968909001682849313475405860897959550389728723440035913864645308404685948118822311719642416
318333474673913048052276456432324120574574708462888325281161288399575057012921419333909798913370096560288179118550939795250548193462842718837950267753348680
89547467787866284331222241017759711562355484790404570965496299904362615475850796908761236490364011772285811371629837386715454033310801555579231916257156776
25184478741616782021664348118188714324615920970465959792771099661944232784198801953707890228086318065975676432903862014843989173145637624386035291710782888
7084614166823847639888641327012163235830456577550129717927506566851747680713282421257097939388986820407941600539432839096359451090985136715371331594041864
1992367199946025582897349791394408997283611417914397781887025256290712120130204937764545156516424557830153173752042488269756416063240396031733953403783728
560392015066103877816720095495346456879945596466928120133019198630294844060742842201789866802926339278881439383990319036476249892694268704452336200894464
157558352910069637411131408257640643751750832975665615511429776518908364279304128390934327072922518723574893166328163415475584986230967741327211485706912
44302627214692281764841013465041569060889875742264241699558649329517929607110214064995615137095109986581585406404522155527494630869402001615940076765224
12450815613140330117294850121653375343590107911910899540256109380030560105699946180662555622351852269879785639487574250868045464533258205233866871042952
3499177040440102124259910216012313160175300618888682350334271051882869269425747258474724546467125975905834378966493485988298274717867427635485835075224
982813141668556910582531898672558400267761794291948609399563355604884430956901564536774404503358944165724110722907409323373184192752932631109159014872
276024773420355094914621859689530024038345882396263949603013115068592905398174598114363188457404301096087709419079653212902952622373040191180526732056
77467613264196560603663458533385064415031316705351913343839856396552339466476489302215358005629302658143213532848077273228879578112892235283926435080
21738656725427267977540694688823180666099546995309321789572057067280221052990303967887391185787767638043775733089966234358068761336032997839010980696
6095458448478533738298546555609794128033071349228261931430751476779920860333482852598857773405543950584160411033626237895794098921176587312059914600
1708845145995793730461944098571144859414600700526005530884068017365227692158407013939784556614329226234302571624085478640439213443866997310182881336
478663958110218963140694826498549899062408089596501159627844039332120582627377657786854346418690255771193400914096017055545190769487864050147290608
134046715927703689265898903766185122080363236149209391552067567412925079162770487649952291952966088308919283088375447309819584454330852735515840472
37504794501065844041355891100624059980610229752101638728472099300304625315687230827466468699920250020606587938029085089404374113108235098672104840
10490401722961862200915952992044629042326002619779673163869797242136143215245361705817730079769985585160420092517613489014934121842428492035465192
2931374352356766294413768027458667261967178215368103504811619668193043968309366359666272971210420714517900314370506042968993374392979309246379176
818811120705905264500791018045556354493331105559597940401870848353202750821945029524093741556251851473157832738308781395279141149937414358815592
228471700856925086442647945692394864059783180846546087131341666351648529183665725594265867914365806524628739449037189897671603994118181847021168
63719635326644009054209589320253478709326172503698390656133540953473974619870719188723910378264122181800362182485351512116567929031793734043624
17750276349591457329567312156804739495282031172817486839117179438789134383148365633982799858360498970744737946621288389850578880762633734358792
4941700090479117740874410941752993458005474783899695073509813487681167949436628540211161912518508211200542118754244313327596071097887969956904
1374025417637438556497956276275757807855166370096515813376152890534757177486840167411283421881555104678907552709073459061560585640746578960360
381778172978922190243553438351099607948955484344964896220556182811608883416777895896968938830879763730487032576360784495670990671828004938832
105933292677691963598466100315018000112041948418111091245298090138679890932248301485224840883456432035481906063342868020384837471578093033552
29370260926426550661016758257827623883650704433427228182213310557983345139603890084126435762848682775596566367884587382171861176751412737200
8131189867610419497202604620293192699332053675958863669587449063633837347893343339077417489526720015103699140560495208446982430079288967992
2249194694330925567165710885941426982834571556117163076303822128209910263328230108685870397594772868056475556256990071532237494110159237688
621215963119049658458457694867776302042794102244665850522678545824500521142458387052160564861660980626150597487123229561015294556431158400
171418233627669736414996443098072312167192806212101339379792305238971192852526383633073248496776630872116721925589791777995024495522505200
47227612810828148806853769238863792828810280729637398067052550470128528859584745317848014797658441293824793815845432497943784194978124152
12999433011103737438910600917633330965373818179269640105680972433932617733598400930805380812691178760258952846883897735467911161497615736
3572441824541349690116075765176236845810508356478600524264870949560325604438288618285655736126179805096440359115651792589587528689471104
980810370947352474622491948991232889124661598767473010504038970357241486099605784852413677133731533037752412472676166251990496874818032
268853046545740929437299768470491857619970316688776634363609327068758575008608568969957825432074396328986105052662902364804288280862424
73625970838045158526087585181927917834438340749275674009944734807123124020336458091099697455649666295504649182263292093246236644548088
20130691479452966970678465313056661950095747199077426448790702047199639480013473837597247506793220063750936673494441203587779251466456
5498904059925306888775842165225045724242458223894153474079267197422022744274896271348289443833960176985428964512222295390828923991144
1499734692242243371997303474433393874818229305054750263374303703474580690154031344433392922125547501230626154233289074990586872539112
408659534374655441722818713234710726742868440077674618617459674344784834850509478137690232354531312247160626904423463147693457053856
111183428190501240264110541100678929531978566419481813112313901878410074610099428417776610130057342536554453773690797501118504415392
30223151561201939434278273103497820789482794665315541267217384058070657891239242791230042022868195968943498682544932840122844648824
8203261503719189629657219007733536782462372668350527991650287975651232953376327066194006787104475850030823985842153061366196751672
2224747582978645856068128611547898874342354435642630881289980213197883082795113456247103744922800954111791759598203017976026947624
602471302553702976852006558882981579186981535825939609171338066518533964315829223776954643890271549170517192202095055512350531072
163025537322379059378082270186869541418292136442741811380204698911625565839489070548530366727724180452967379158511795334494061296
44050864997875377135998132826517718501476478033263445986265086296902075514887471777416461530714965279020971148936249935338457328
11894487385195095919182662696600423004971714373835345761140457649683254688151812772046402693969643483597907743204730123875595944
3207236742602159606671686440558092205826137541943107590822514526744398190078722354494185621542309710408483607569288138577406080
864221530624251062845397501239411369317025000612523440000206041517994268655521567780979637784927773239853937565383776125961800
232557428221385598838000945905986265369531294158600209717024261415212745368215026674806590330757745556238287277876703643517504
62542115950756993909528864373054031518199433752021158763183685608402738490134692525171601706375540471049274119506970538899256
16797245217994137696454703370091650817469808641102603047590265288776485074401714922112882748060341005223898189893345076209304
4508730855662940662609443268984720149402996315923767770955907834333443372623567357670361203444186777671004081615838598875096
1208670097505679229054578676000429280468578917627175526286373765244494132051203485112817461412774398185274718514566058345376
323845543019744298879175697022496826422802135003206122831771663842866209168549457672354712653337118688847179422123436245768
86658981546695657289064232014684292762383234522064514180211605360749504579771794200315192795578594436195656974998451379328
23177942749149973741900800544142617173074398264582851424256223015073989310593712508189561376510297585453834320438498271744
6191441475631185777166133949184101714499957460700365273997488793833473824961269914836912607415450713373392106734782582776
1653165415648782850104396725622725664969251774901269384399131865607341986694595796563920160960741211221810721983668574624
440859874599665229137309071686331004456680430412599292611470168406915235174553530773591146737170023393683621379644206184
117515629425738147583038546215023645694973144816952812854372743766511533469884076593844589445455795081436018961366421296
31286441662315595841668554692048953374744042391171783798897714593006895402422407140110489380823973226499573187964116640
8326156205610249327805904920100259528133466705588524979025581262652642798510411559767411215932937711202744552762650648
2213088498027077259232121328393487734828339672146678244921321863475470450184104656482834243377458600006114135282131432
587999743691257504900555702931396112388015458782263970892623931512040415556092945560253334001305169577444567704144744
156035320313272961416358589416079620423547501650316908438325035661796823398750731523948567644924888240829230059813856
41390796715255173679395423745360412243028148666849835921464510960039510130112034630176851740516687218015429668226048
10966036032464303175772260696165646742894245686678690013816644643879940742339336936757461232597315078055730070914888
2904148885392325577737858942490315754601888047844684659290337404235579256821213958084349132893394786350341972685632
768158440270683738221717174049740392868810227701197663101963971781991462244796640923359974318588442297837428736744
203099698845964540008542833132872161206677655973518776683439771545712278650224051338159141176127978722341872001504
53632360390598621432592113863176974408589389920757346296108850757997685321327705674772851722028311790240926627320
14156291293137390669754118976985354500718171351324658824811154586269176137201540978086640214635367050566262604160
3731859967221664852404746790229495701297543899631670626922514063157283867706979996972838930172164240531019546400
983328976994536637206044637009584248199464843189831110169884690622570247835176769892626035555304823696816784912
258775544390474526517641756389963548280910191152472996012878892054356300548726085055622365765470899045553861848
68062993968564629986882436255815487751118047757612657460070882926127162882442007278170795342166308488142626136
17878883889357554142516211733869493785295196332772915891246970129987146792075386085324843330012257976437312136
4693651190912167585500061158982059561894907303711084952643125058870871430459311391285244605496514148182244976
1230623021622792317773526047127056534463742638612858005399153244825103811821908312058674703882504031309109880
322424978284968176980729848871368420234520751911549201090992204284757811776338620902578034990758185535376648
84365156921243890822845228037416940583103296583959136836790149918670983196025423603180166345486450171998608
22056711934304846032336757030114176366678894885753695790923634251072856900932935921498657628960850009165464
5759187522875430693749028647329240383631779998208622532055018853433213264477587128382025417386675934096208
1502262077359638168407812879995396463907007626249221141578976317514622007403248648306620467547087649669432
391337855878262903782226678691090911647905782116744064195767776096237217791046748998236318562782141822312
101824571436726337747482848990581358960094463591684312171670688761210315777440847128940012671535795098656
26460332433135349417693784267948919307470075997952787043200993315345542976629821051482012261357816700224
6866624393313951928385577139937970260973487100938116454263853757848876789666252236404194601357053525944
1779589183026545112539297075208341110337952593598219319233043868747212741853647221333329876333123880696
460437951811502018882991533817244161641744454990983111664647127632976543785753789492409198952647497112
118946762967007628570030342832112035600436525058680016751633882406330086740272587838056256433669447880
30673324436408314613721456189487685039990549263853849423386733853870622255532367805689806949567635016
7896121133386797559757712809780980589987587651754178834192929303303352552703869734234711968139687544
2029174888374924992007232318601858183952538074523377740050789850346029198243950782760324494995354520
520562039209221157837267265476921999274407449842420025308563071370726414111586064042379923488044872
133333434420064859778932119526254290603833209641380985075298506851476079388227496958443169201001592
34092706938288703402182468898688536159725628557211211370575378399289453502839794135816242334305344
8704939848537762315070619372537592709081501860250556555251122098605485329165238261445835356099368
2218945990559356888400047749964350883365318172462576072017309838750069433009866128320412616002576
564893534555478244182651228409412910706025234445121768438013563083814754876458514330182305512568
143585321221001307164640891700865349209982729971070408209623658942241119362423667763903012197688
36453977023256657972290581767871879754289423694622155821302611351400882293835188653942892109896
9242002338354802382927417912328046503670426915025468789954248330670239316117180101947978450576
2340803911127422285382948856204751507333677549987361597144772251026103812714780849227306896656
592114050521281811827530796327816369596997881915825507502122077739317090928782943309409596576
149657551650116031805003694866838572598816593544724791522459037993063659180356087171925529168
37784643513346096549199280632153268520858825087023869282803201784976923283630460986927900768
9533739488323265658962034175027586198733548905101344834246564657216382836545618572817121976
2403233521579269027409129195502854684849383614234814971383352189165563972759135988328188832
605528618488359373140320053094502142303395495810808794200196620719810505184870991792932960
152447857551083916189853435356801446660292348719199282341966907570728119633573794423286680
38369764687842642986424475431537539532554777405194461948403806410302876784728204746089328
9650597034497996548578326097886319344311743878156182061783411428921698345184133088396928
2426863338312192455164996233647043323942829101653990856137504930474127060442962872977864
609934939328204809295265787135350665660235015466305445976790239028588714837448462721736
153286398166398766845179400199237164468477554682563020812004504169690135271751429580256
38502265646702674842936569261232760320544483005470447986305203939141831478687871439976
9670963908834778578474343392144917467227966492796290005517661781915124899649077042472
2427953753938138674033201333105070994719193040303071041016491527858217540887778675200
609583833355714909075556922438381047367483210355610523641177421646310781419633443248
152969320104328686978803183164952951376569423401651629848004439519751263103470015152
38386764396667414006785316332093129956505840602318449988709309248638888251182743008
9627852774465608341020936709548562425891518449738931821828116611132449431907120896
2414804501153969158618885214559966926869970614151011729795145599930182684447828024
605300478460008869719696138274928545901972817575286519136569684416965637659446680
151708796829307134329468091017173152620045278674688450973065229836892785031215080
37998037266522688973987939133462659975461669664196396663038830323188765100200952
9515682864920813729393691537885454374169967833230544903439194568749951560497136
2381092977349925606730906663327854076762134468055668364916700071824352956281952
595606644477641406550694440146058595345956911415404429493265211430238746998456
148853401618618122994856012476197415069097691691734932547036610663297643956176
37185067697740356672240624968449644041186246214703002581274387354647211847536
9279765833135215829172323852600232922702707081238777223035616428700317151064
2314226659809116949370700400940980996153422124987690852061713814257148015128
576473297099002741186572866322621315260771016805243694561137425777100875768
143487165720725843386628402076984337706896105543875276019765216660602192480
35669325145548527521105113527129888562817212735487651598853322861029319200
8857183107089435117531707483561718615005153018589539163401092650338473672
2196229252742113273350514612686753938997498874983798132021921780417470760
543922020396236911687422648207566086887672097154572345464315923566309392
134501367472134582353402516630569072186781057202870277426910280355648752
33205657279614827874300088910250413223787096193490223504743479696450520
8183453290642396817407488497631071473103089467088707929433635280235992
2013322567311124446876822839019168766918439538402361527357515498885976
494411379164145685853510427032313266778167373132716589172175164367328
121135805971142459635826395819691630611451009573449544058564189793848
29615159786771287571647094570954764671020380611286337652168048163920
7223007795472681699774916586950033976353857728937664481543444883032
1757701389259639966822522146952351123623784064781646343778642491856
426376460877374877160418260428704617338485266980560127469059252720
103140019598239141963517274945388863007357057875000612821123919408
24866855660478386213000388770407408763729612533504820278761908328
5978087106541650908467761250217426756441791109528850002590679280
1430707046862401777103091809377210680610664261788576154085173672
341077832171348897642132923933011632553448308369898426050615384
80926802279931186896460200384688824554479666634445669100706728
19123418403276064129675171602793749046681394211703097403604944
4488649771194478884416808662766965848169669242783246692788304
1047216119523435239672731589379769567675966987986945888264720
242513397083148360295757721726885906663717082613794652760216
55786922010396570949708797008670429332971912913056683569064
12687061412521913405292683210750773018659377043371227742592
2852834000405262334047549218269252077711278073399406118448
632470973161084036728090442409298215721370342390098343920
138226892182015253256221049878984859976145042410402343640
29431865282100914278547514522830208890606003595656452512
6081032257588591309544315466186034391520853049494539360
1201634259320512068490321605701451920975606110383120288
223948451131599250581450622194722967562670051009356584
36327501612124804671518595757693267880123745931833168
4285888702089655741399477138128427539322274745646344
-116350727182094178390752115750255831119479169939088
-305156417032395553855066436313223243008302557225800
-148016430882771047354230206736025043730229313715416
-54231474625680456786470453254089103553704783370016
-17813238175828619462456431840691488928973199890024
-5409149807673042720962345111319629452608853958112
-1607534219550067328362389460008814221779990559456
-462202872225581093613385872989660112504228728088
-130487668210768284200623672669411509236897681952
-35818274227199145191278728823153961698598899344
-9849680271396161835772627184581900661562083016
-2669551878777680749653837242165202999626689056
-719114086301580876921578866436281581612317400
-190046622097277217817707039748816631515886952
-50624566917482460888051806804129094944502216
-13355657919107661596825113138484592505333344
-3515854071035797366729561091795776003200360
-910002149634883257774127536822276045291072
-238232438585024730595788618309972586664376
-61860842594553064904320974208447921473528
-16058313774714417642013703451571254470112
-4097442517778847763565744355071706947184
-1060642861668011498681217405938052034008
-272382921203516247835519346232531639648
-70005724261478747244542560385811513384
-17655861360707969778235700373138304896
-4531830842550050614487628988714412856
-1153515348650027944765334058790570488
-294061918922902192256813768926263840
-73359096803120527884944867961396288
-18694698360758825689722149879760576
-4720354763044921447478591895340896
-1194414740953305381820740520892520
-294615765315069869525535050832720
-74570147845469391774924995631120
-18679813265948617146172637995920
-4691753639236039532709525549696
-1142826400412548573133760325848
-287233486300653889522354744608
-71355528671908767762380403528
-17782407031992224115692374416
-4268709968584616845161104952
-1064508175820000845923677496
-262055291330244882983918328
-64744656430733862813969480
-15272135391707910765095328
-3772859253256910107549800
-919334124903154155189408
-224902611512125318697904
-51918234934537061902656
-12670053900755849649216
-3051237607388729883936
-737787047561238595680
-165765864121713884160
-39751861689936123624
-9442824058126583280
-2251041725137306536
-488690835572994552
-113977136207489616
-26644862490205824
-6239730216773088
-1297615205367000
-287930804697576
-66079041772608
-15133697034552
-2990241054360
-601747073064
-136711504728
-30241961712
-5507333640
-937362672
-195477408
-44215200
-7240320
-402192
-50112
G
0
N0
1079431263089138104234905635597253729322326279276665351927653149395094972965338880384576976
1288367096569771545154463056822195439543936163263101260423830983053244220244934540946231376
725281436576641569025672060531640422639454576193026779529252809966189234889199359730763056
366807353587608647877707817642688699852778755773047537484470943964567560561605663742438360
150487418552051076879064290136336788690204269139709066167255950997856141958248522898687580
58876126883163936762960186253028455930820072846768658175569041025382458329379693155012676
20871082813643905784237015653485545409856318008518015834055284164353862833053052033562740
7234349780915641461942358047514109621670680282988634078543712153054245296931678068300840
2398793677841207058884476203020965063920667863440485944432082419679123290245914682885808
774964180900988561955568041136609216501884932593907555721580536702741751783575375396216
244764660008337932245615976324118372441774700664060052373979503337708536084674501905640
75890951258525745454919075530965576310614702234198689028652452948600131052976400315676
23000429564388370925460960465162449662460731771437498110343901978496929496063601695076
6891456206132092894308392586965803400118503684919315582356555153013142119445820694528
2030402241524187797926118824558071495893242712782244714531901017649051270893089090752
590376230577697589459136816746491787942128813544186291057746973515233343142517198912
169741428864721586607833130346367332218181690198953910921455590310082949921500912620
48360931982794826861953364437077970691822211135908753872083574470391889541215254632
13604496179023921825700709681148281314505923416140840897370370977288079623965436752
3806536408581486734387576906046069270921844138494719010760749352875704466084065904
1054582313891488784764242735492430208873317133085560150563246355977060923291533124
290368516834749059800364357372829237801616611674081737360136536644945761672993772
79351475932393877571160037187372669017170345963583446570703454115836395485162704
21596399919275265352812796189478512370414382022032601479574708630100695163335920
5829261667243091093404474245974367627012592018704602517281094514320722664187416
1571130023056157773925696966258564277792624756033354144110627159486547597292260
420393596304045375028238750099226274979579001987065754289288994344444012206120
112275169346758150701109754064608317935660202164336339950979749959392856815816
29824442318901553099336047874614801508382142002947282645285651760031067172016
7922888907010366553789059329069186298670115204894501835394612140177615734360
2090848708903354501562625218784240615499840378509007565929164712921591065060
552822594429624753667170919882502682672136185577476546112469600390127730872
145368670152577909114560412978508240413574325814355042061676319899672778664
38322100636291346671693375764774314968375630423482825752680534858050734976
10048601899639944605865395921214973697410705853225167545887986190265763176
2645001866041805550074381140840582157308397784749716339774156594976566044
692449679318247261748521572691902885820892148641146934258462239270795840
182381764981936541767830869179498943630772000365776307525520569841574332
47730857432167200303560205427860182920115919722075745040522140293200260
12572214520106785138478578983426948141534253427408678329474186333634520
3293680126745301153576486373005784706137561426923163581779721317284500
870135020048973969869224036006633413917066615056950647685319453132236
228082751232061539747405158377745077350413576587298630791823982700104
60356400840612526611744551999416281080791096100390082531619218179892
15858094377263197795720516986770486902718595382808019294972122494596
4212666222009346558377600785572650139868051328663797671549595567304
1108140094078070789867111473317981008506501057547511862112171852520
294928471598305459929605665673547866731413282326729247343224466368
77767807461765508562745690849839928070702775804110865967488215104
20790745403690346812556019874322797709266227153108709469110048268
5485664118654831725265405042519270902182468744336771994606093064
1468034260293716460014218560961297339438926476060718237442197588
388248777214764601802657186027719859909816416506308120509049976
104359801222983334173822725615060641494288386340165431383799028
27583329962648024726050906792405797368771782621105625882490300
7414625784306969229197295677747961307592982148939267095761192
1963592026184975956075298884853333233224651993934218504590016
530028383379722825405190918871883401150773769294909352284644
140113146238882370119063273749539522180929412522425008976248
37779279489916365028009903746804063950015049251933226534192
10003484071222671393879873151609770482064378593037213584328
2708784387742773979322502823760706165273956588320847773272
715034593074504308559109081385066059589800544185483410108
193200910711754663372877779131587926211923810359095689628
51087995614305206827710418537991646501370098124063467744
13867859057562259226175150478779535487956477606614089832
3650868962981759229528572370176322561544947520624263660
987984567011091219246731692395226834753591933120597404
260654355689354593238133883916616742485491100211824384
70913419158835666592213200359784184175098639752173792
18600232741343861173820899551442424641827404692447740
5040313234734018836691184140210414492463882632919224
1325799295977344731222932662397092713979961702106296
361553308610020951442081636134973469774272330540316
94405144897129974694947457569123520199143485031068
25623925672668121228656698808987054403591011202512
6719105183908685053188940543568700363727351741056
1837426529311705776581215468841414178680914584216
477832562666731149401040917673210136353849063912
129734326735215766399371894666391881672398369520
33877231787423846678577838482662905368746771160
9251947955533724592099717526795444118833611648
2392469006279928899475881705272135050576177228
646545972953339884227932582912756580864282156
167757891617511379978527533145168814341733536
45636851923900574465244483775613412166791792
11700645248035377124994787039303800225793156
3148899520677511523031093215574313700449560
811331634678815712542063343915825910833300
220240013724531435551179417205910202339656
55972927753334523104761470255340547209428
15022295901809279834523887090168512847040
3843720647572149744000810771301976011140
1042961339845828174805906252320074987852
262659332114239192151521793471300823012
70385311282647273165639278666198570256
17891309288620135215401789376146165988
4861349894987739450084317968952949720
1212620263191513216262951458763821324
324895929833564946620810188599889980
82066108125381303593500561280509164
22368097465766321776081327668807396
5522692613050005696703580000183928
1481128483035509013057661335972480
371789227413642605676085997715612
101821969552178527652850860143224
24856246213362928950191767083948
6678511981192966006291140144252
1665844262087302904337370174440
459116429496995552535914309364
110642850048038872400729551836
29802592466753847797022185640
7385129410117347835392739044
2051250779053416364214665524
487078468490430663728196720
131576021760371222725235712
32381959616160718178618184
9077192494854565305410640
2119007850950594817022188
574072548281950710058332
140283968614918295707824
39740851663237897399500
9097768952582627763864
2470583296882381683732
599393914933701870984
171816019707888241560
38475161813706987204
10457490669023079672
2519422065737847252
731448403029295248
159883751963204508
43350619552715124
10378880657285856
3052608518437608
650876804562156
174843992276688
41668172951052
12399960397308
2586729867252
678775716456
161542920252
48422627700
10000413888
2487958200
595017168
177507780
37518084
8273400
2016252
577440
136464
22080
5592
1536
492
36
12
0
0
D0
848627533899983652984160669342284691211171226956053593073286597685528947872687028779768340934
383070494486846707271289970899219297711292047538660088469529066847155677116090166943906403712
226566488680337167049040299755590645769518202328089965867204931311307809410427392814404370546
85092906189555485882041634633786274882422202083777096935904188280408418211498035432046416624
32208561084374974359851629388327661543834977714747475401548928757945370391988597017895675744
10562129178312071450751569613094301964724359305521642822569235822472342806576050182062464312
3435253661861982652931399514832609083458717173918598431914047362127539803919359842158570320
1042414056374694817386316539154485668342683676500903999132459586564473217695929296441303004
315415990945780538166191070361470315520443462865402441658962774075103544509952468698992002
92753279671975590010213746102627786256462472561456980381960291804833192055871877827543664
26909675285873692258040799060489241419090852223869114677812333112062873250169876259521678
7708745926969947362847236868499257582021930126908596677806163885110966996978360880443484
2185569380514030036213792271119664040296926040965053858019154466012183813373067275677262
610190966256151604405355835223437088805523752736635369229195673855013186923306910265512
169370855242881938306736701890607381056182490713232689234681170646029049970821596067144
46475671700815464241386864539719184508453885960713409128149387400881186354843209311484
12643211508118391203991424319291202034584340079500571993698913379336279598779637945888
3414436561583710241131480356753676822521507451899514570335662908477557022537066056192
916814650205743678976610507878898206321443472520508672664997492906286616417579775942
243913263242073919672931403887186472097485668097381545833549326656398660351498483932
64703480280152478406732721493793003490111240482557215236913166074962641233462875578
17041830173851599010579158811738141676945014076364045420125157755545253287569577356
4470538519166881418447764499338870560043229697597168889853525482031814544120337280
1166603098557565454029584647069611722959678638005726644757402282499382928282603408
303681941946597443659960825511402744511349615427224175946830360115058233631412550
78565403855652882679674509932104212156283498816537235694266262382335983603480008
20319366792262718452298679620289979830760296998012998336685704624965572544668106
5227018080262179560069859854643745896636637794147979398064825922567518016388564
1343420881824377963792288805531070369471177570738113412642584192543347663945442
343961809868536717184495125293544823640744047327740751890202126173841402573280
88125689230727604261141002917024408722152356037721228455606263280460497304840
22467714229381252787102344229584124041550323761000702529709580958655536251408
5740609833075524609694233558683537300173378242729671835939978539943022429408
1460928780936595370461403604316712361151348975247948364584273714036684600280
372748474516463284500302954670271099718583042395345048273804097781265840916
94748250688835268624884772657603293376975741983446857824999736560193279036
24170588896096592267080011934177938987445836690932151104869816443692002662
6142021353530847154119220213032372119451622603072145332319921111666471160
1569228145083023263539088564604378294436486942706447416251467739964944064
399113801847466214861801716095267938525910109781254942057284849346824492
102076710708047226173215031808812972487395268172468664848454269788937536
26010494718634771170640246810875773866783531615662261177551334226079172
6675124205803978159302979234092994817881628664255207395637324251157126
1703623188439551231086120125760142172166260760206235113552343628883584
438250791047491486365302077410533361764795428902788868471731390865018
112175474999804271833880748876872975309227125641304520154238269652656
28972771074710459202147659363789625720809913145133913320859376097598
7431810157301471898682054966526774265671596688055348274578488547468
1924342058999193426900347583519492776553530016166833274308186060462
495000264885629411335564316998557907285783800451141569739000374768
128737525699349176327631839232433608383923231275240761395487795542
33170968440793979570547107597884352340873453014402470123994224788
8641549336516730373307827316801340123447754579499733888413484028
2232359783206803436249958170721725851183749373749408362768376232
583981015768441886083512536715002789023597936478401119732995202
150949975077343671728805231341373859467471294089854978348452012
39519183853574769695851543974458503983377928126736490405772144
10235886004165439364779649621665829962069398845726503284498416
2689676434957531911471768432806316773880346334408185487424648
696368926704412710114493062572834020693761258391853687609676
182933873302442554018609353027372934328981684078109445773186
47434114006434449884211838750354924025563648169070584301604
12504646129369095853815842292255934272663499256560594630644
3237694239959763663664620529955261915352479551468048776144
852434749820232637530395445163793601275956818054526794138
221002211916926908727829722873907605286493235178701968248
58393857992082705128511081253958832026766246508691163396
15102054225811185332075198544146885788785357122651649564
3981947517693069778364972065988360001986393916464935980
1031211304118447369913112941268468128745090926673665612
272951696470126880857054552640209843537232311018033032
70447255160661132355507435457505515514066257351490120
18593369064657447989458824484855959599557823144078070
4806582646977689011354741936802622121045221873098508
1274281991754056210393716501058371916589416619844848
327967559485574206334927344830034772753137523209992
86632896426808633269315049865832735743140736205408
22344780368613626116315556882492892448848149061084
5933619208751621937225269577289708523831577956118
1521931047419587421570305874244023187337848778500
402351528644393372369667973765314037487577213636
103500523515412998294306053361997159425960671268
27536140374749974901759248076719894591326627306
7034216010282055991439724605095179552637051280
1861373879105186551301218204530345554631948126
477380087813502431849492967796658930956621188
127291668418206577754523841640750838245118264
32363410957762166629772489935905088545756672
8573574948738689529576279163288289100948096
2191497761954806452619590602557003424221560
585942249999938986464488132592953198835948
148154444185203116261187708881477965362204
39302233965887926585866423943104772541796
10009121903328854975980400390155498927764
2684928101388603245885785136355194502408
674535777089617772041910834290343012928
179235621504456326151783071026071782448
45462050345906053993374106567313204904
12243177621565220616777967398480908322
3052915912346145356257356769594285536
812803809919819076877814518259397982
205257513309062698205052411432557352
55536638965025835006290597129210610
13727780570423975065165481396571144
3663238302309115069475219974699674
920686243852477127885167990467348
250493189039527307133300235320708
61287374864997577495821272227644
16397267080894798569290674174530
4100221906522464869041786006308
1122799013561226238556085943374
271441876480004983644041524212
72834764115675406893536440320
18115402635512525151605296188
4997918439367411815778812012
1191496762540876450312155492
320699842325878477407569604
79326466322331339231638556
22072531954760034841532160
5177268868547627169069444
1397785843423756561792716
343873202937023680955208
96592785131554565794902
22236499751613205892328
6019333552110911063064
1473413851909181257140
418126448670100429200
94235662260367715988
25544699195668134756
6227650252031573988
1785866788142362674
393195306824856828
106439178301799466
25894411184498748
7497788968541514
1611143731739616
433085343676584
105504477897864
30759918654246
6464842363296
1705958960124
418751836680
122090309712
25335254016
6411140724
1603760880
460405974
96854940
22373430
5831220
1589346
360780
67344
19032
4782
1308
138
60
12
ENDPOLY
N0AT1 3700883290954451899310891374218217064700533353477781182109935433076554891153345635148374308
D0AT1 1591051597842519084744164792911039387556582179375652915996199746501391512116490063719484068434
